<?xml version="1.0" encoding="utf-8"?>
<COLLADA xmlns="http://www.collada.org/2005/11/COLLADASchema" version="1.4.1">
  <asset>
    <contributor>
      <author>Mixamo</author>
      <authoring_tool>COLLADA Mixamo exporter</authoring_tool>
      <comments/>
    </contributor>
    <created>2024-04-15T02:56:20Z</created>
    <modified>2024-04-15T02:56:20Z</modified>
    <revision/>
    <title/>
    <unit meter="0.010000"/>
    <up_axis>Y_UP</up_axis>
  </asset>
  <library_animations>
    <animation id="mixamorig_Hips-anim" name="mixamorig_Hips">
      <source id="mixamorig_Hips-Matrix-animation-input">
        <float_array id="mixamorig_Hips-Matrix-animation-input-array" count="58">

0.000000 0.033333 0.066667 0.100000 0.133333 0.166667 0.200000 0.233333 0.266667 0.300000 0.333333 0.366667 0.400000 0.433333 0.466667 0.500000
0.533333 0.566667 0.600000 0.633333 0.666667 0.700000 0.733333 0.766667 0.800000 0.833333 0.866667 0.900000 0.933333 0.966667 1.000000 1.033333
1.066667 1.100000 1.133333 1.166667 1.200000 1.233333 1.266667 1.300000 1.333333 1.366667 1.400000 1.433333 1.466667 1.500000 1.533333 1.566667
1.600000 1.633333 1.666667 1.700000 1.733333 1.766667 1.800000 1.833333 1.866667 1.900000</float_array>
        <technique_common>
          <accessor source="#mixamorig_Hips-Matrix-animation-input-array" count="58">
            <param name="TIME" type="float"/>
          </accessor>
        </technique_common>
      </source>
      <source id="mixamorig_Hips-Matrix-animation-output-transform">
        <float_array id="mixamorig_Hips-Matrix-animation-output-transform-array" count="928">

0.726877 0.052330 -0.684772 -0.382865 0.001237 0.996991 0.077502 107.879074 0.686767 -0.057181 0.724625 -0.467725 0.000000 0.000000 0.000000 1.000000
0.725850 0.043728 -0.686461 0.090305 -0.002352 0.998129 0.061094 107.671211 0.687848 -0.042730 0.724595 -0.579859 0.000000 0.000000 0.000000 1.000000
0.717504 0.015009 -0.696393 1.567879 -0.000923 0.999787 0.020597 105.816299 0.696554 -0.014135 0.717365 -1.127415 0.000000 0.000000 0.000000 1.000000
0.693784 -0.032195 -0.719463 3.640772 -0.006150 0.998699 -0.050621 101.817383 0.720157 0.039544 0.692683 -1.896536 0.000000 0.000000 0.000000 1.000000
0.661259 -0.088879 -0.744874 6.043401 -0.022404 0.990174 -0.138037 95.524796 0.749823 0.107966 0.652770 -2.743079 0.000000 0.000000 0.000000 1.000000
0.624019 -0.145801 -0.767686 8.353846 -0.049162 0.973167 -0.224788 87.147194 0.779861 0.178013 0.600107 -3.549335 0.000000 0.000000 0.000000 1.000000
0.595775 -0.199412 -0.778002 10.067874 -0.070510 0.951960 -0.297995 77.320999 0.800050 0.232395 0.553093 -4.194536 0.000000 0.000000 0.000000 1.000000
0.587713 -0.240468 -0.772508 11.063999 -0.057615 0.939947 -0.336421 67.308647 0.807015 0.242227 0.538565 -4.467319 0.000000 0.000000 0.000000 1.000000
0.583178 -0.263279 -0.768497 11.137540 -0.022437 0.940442 -0.339212 59.011215 0.812035 0.215064 0.542538 -4.271719 0.000000 0.000000 0.000000 1.000000
0.582546 -0.245830 -0.774731 10.553501 -0.000572 0.953041 -0.302840 53.911552 0.812797 0.176861 0.555050 -3.928216 0.000000 0.000000 0.000000 1.000000
0.598337 -0.180128 -0.780734 9.697453 0.008034 0.975702 -0.218954 52.213684 0.801204 0.124736 0.585246 -3.659114 0.000000 0.000000 0.000000 1.000000
0.626061 -0.108985 -0.772120 8.430239 0.016779 0.991838 -0.126393 54.624332 0.779593 0.066175 0.622780 -3.658970 0.000000 0.000000 0.000000 1.000000
0.669504 -0.054444 -0.740810 6.547320 0.026068 0.998418 -0.049817 61.299583 0.742350 0.014041 0.669865 -4.413185 0.000000 0.000000 0.000000 1.000000
0.714348 0.003325 -0.699783 3.994740 0.027775 0.999066 0.033101 71.791733 0.699239 -0.043082 0.713588 -5.181737 0.000000 0.000000 0.000000 1.000000
0.749958 0.061304 -0.658638 0.309307 0.039933 0.989685 0.137586 86.654854 0.660279 -0.129485 0.739774 -4.873055 0.000000 0.000000 0.000000 1.000000
0.772142 0.095028 -0.628304 -4.736871 0.050554 0.976435 0.209808 106.261513 0.633436 -0.193765 0.749142 -3.269198 0.000000 0.000000 0.000000 1.000000
0.764897 0.100240 -0.636305 -9.817462 0.048690 0.975995 0.212282 124.194916 0.642310 -0.193355 0.741655 -2.019760 0.000000 0.000000 0.000000 1.000000
0.766527 0.043907 -0.640710 -11.001924 0.094521 0.979082 0.180176 139.865356 0.635219 -0.198670 0.746343 -2.877774 0.000000 0.000000 0.000000 1.000000
0.777847 -0.034838 -0.627488 -9.383204 0.149186 0.980158 0.130516 151.007172 0.610490 -0.195134 0.767610 -4.126380 0.000000 0.000000 0.000000 1.000000
0.768323 -0.113684 -0.629885 -7.071156 0.181946 0.982294 0.044646 159.256210 0.613657 -0.148908 0.775404 -4.701561 0.000000 0.000000 0.000000 1.000000
0.758015 -0.175082 -0.628300 -5.821544 0.221437 0.975164 -0.004585 165.937103 0.613498 -0.135653 0.777958 -5.146962 0.000000 0.000000 0.000000 1.000000
0.751031 -0.184542 -0.633954 -5.781825 0.239364 0.970930 0.000934 170.915466 0.615352 -0.152447 0.773370 -5.244087 0.000000 0.000000 0.000000 1.000000
0.755146 -0.145700 -0.639160 -6.400295 0.243273 0.967652 0.066837 173.677246 0.608747 -0.205962 0.766164 -4.521908 0.000000 0.000000 0.000000 1.000000
0.773060 -0.100691 -0.626290 -7.489991 0.260360 0.950690 0.168529 173.907318 0.578439 -0.293344 0.761156 -3.248468 0.000000 0.000000 0.000000 1.000000
0.798023 -0.053081 -0.600284 -8.250812 0.260743 0.928458 0.264534 171.854599 0.543297 -0.367624 0.754772 -1.973863 0.000000 0.000000 0.000000 1.000000
0.819409 -0.022613 -0.572763 -8.357069 0.240815 0.920344 0.308181 168.446274 0.520170 -0.390456 0.759583 -1.482361 0.000000 0.000000 0.000000 1.000000
0.833620 -0.024725 -0.551784 -7.856566 0.225269 0.927355 0.298775 164.565765 0.504313 -0.373365 0.778632 -1.478374 0.000000 0.000000 0.000000 1.000000
0.844178 -0.047707 -0.533935 -7.005914 0.214850 0.942644 0.255463 160.024658 0.491123 -0.330373 0.806010 -1.562145 0.000000 0.000000 0.000000 1.000000
0.851870 -0.080811 -0.517481 -6.233944 0.204705 0.960806 0.186942 155.102753 0.482092 -0.265182 0.835025 -1.525830 0.000000 0.000000 0.000000 1.000000
0.860162 -0.107759 -0.498508 -5.703267 0.183764 0.977256 0.105833 149.183548 0.475765 -0.182642 0.860401 -0.994725 0.000000 0.000000 0.000000 1.000000
0.879760 -0.119009 -0.460281 -5.482560 0.154817 0.987105 0.040686 141.347427 0.449503 -0.107053 0.886841 0.534943 0.000000 0.000000 0.000000 1.000000
0.912113 -0.110327 -0.394815 -5.706060 0.128564 0.991501 0.019946 132.506302 0.389258 -0.068952 0.918544 2.851708 0.000000 0.000000 0.000000 1.000000
0.941285 -0.076674 -0.328792 -5.964624 0.091140 0.995422 0.028790 121.246002 0.325079 -0.057066 0.943963 5.286119 0.000000 0.000000 0.000000 1.000000
0.964744 -0.039836 -0.260157 -5.958520 0.043420 0.999025 0.008041 105.407761 0.259583 -0.019053 0.965533 6.789550 0.000000 0.000000 0.000000 1.000000
0.974912 -0.069391 -0.211499 -5.491142 0.054607 0.995690 -0.074963 88.235802 0.215790 0.061533 0.974499 5.814987 0.000000 0.000000 0.000000 1.000000
0.960170 -0.155362 -0.232240 -4.413470 0.121806 0.980767 -0.152511 75.652557 0.251468 0.118148 0.960627 4.301780 0.000000 0.000000 0.000000 1.000000
0.935290 -0.240248 -0.259834 -3.358491 0.182388 0.956462 -0.227848 68.399529 0.303261 0.165713 0.938388 3.074718 0.000000 0.000000 0.000000 1.000000
0.913725 -0.294503 -0.279956 -2.384626 0.216834 0.936080 -0.277016 63.148445 0.343643 0.192413 0.919177 2.024109 0.000000 0.000000 0.000000 1.000000
0.892246 -0.319732 -0.318854 -1.688890 0.227266 0.928155 -0.294752 59.811329 0.390188 0.190527 0.900807 1.262745 0.000000 0.000000 0.000000 1.000000
0.869665 -0.338935 -0.358895 -1.257069 0.232414 0.922543 -0.308056 58.385529 0.435507 0.184494 0.881077 0.817941 0.000000 0.000000 0.000000 1.000000
0.857134 -0.336285 -0.390170 -0.961698 0.225189 0.925896 -0.303325 58.919662 0.463261 0.172129 0.869345 0.602633 0.000000 0.000000 0.000000 1.000000
0.850535 -0.312437 -0.423053 -0.743604 0.206729 0.938273 -0.277321 61.617805 0.483584 0.148414 0.862624 0.476735 0.000000 0.000000 0.000000 1.000000
0.846888 -0.283851 -0.449677 -0.691238 0.182762 0.949474 -0.255141 66.129608 0.499379 0.133892 0.855975 0.498497 0.000000 0.000000 0.000000 1.000000
0.845139 -0.248299 -0.473379 -0.834514 0.151079 0.960418 -0.234037 71.956772 0.512753 0.126276 0.849199 0.554376 0.000000 0.000000 0.000000 1.000000
0.836677 -0.212734 -0.504694 -1.009773 0.123474 0.971026 -0.204604 78.559357 0.533598 0.108870 0.838702 0.469837 0.000000 0.000000 0.000000 1.000000
0.822790 -0.181887 -0.538455 -1.110190 0.100659 0.979066 -0.176910 85.429733 0.559360 0.091359 0.823875 0.320406 0.000000 0.000000 0.000000 1.000000
0.808634 -0.148824 -0.569177 -1.105222 0.075846 0.985773 -0.149997 91.971642 0.583403 0.078123 0.808417 0.160244 0.000000 0.000000 0.000000 1.000000
0.793130 -0.115080 -0.598081 -1.069703 0.054335 0.991441 -0.118714 97.687607 0.606624 0.061659 0.792594 0.002904 0.000000 0.000000 0.000000 1.000000
0.776702 -0.080430 -0.624712 -1.068024 0.035636 0.995836 -0.083905 102.116684 0.628860 0.042907 0.776334 -0.103012 0.000000 0.000000 0.000000 1.000000
0.761653 -0.043876 -0.646498 -1.022233 0.018686 0.998777 -0.045770 105.105438 0.647716 0.022781 0.761541 -0.225071 0.000000 0.000000 0.000000 1.000000
0.747790 -0.011043 -0.663844 -0.888027 0.009072 0.999938 -0.006414 106.810402 0.663873 -0.001226 0.747844 -0.382486 0.000000 0.000000 0.000000 1.000000
0.738476 0.010261 -0.674201 -0.745799 0.005725 0.999753 0.021486 107.448227 0.674255 -0.019726 0.738235 -0.463090 0.000000 0.000000 0.000000 1.000000
0.733877 0.021739 -0.678934 -0.653194 0.004458 0.999312 0.036816 107.653152 0.679268 -0.030045 0.733275 -0.493552 0.000000 0.000000 0.000000 1.000000
0.731403 0.028660 -0.681343 -0.592806 0.003772 0.998931 0.046069 107.740036 0.681935 -0.036265 0.730513 -0.507103 0.000000 0.000000 0.000000 1.000000
0.729063 0.036491 -0.683473 -0.519458 0.003035 0.998396 0.056543 107.804710 0.684440 -0.043298 0.727782 -0.514707 0.000000 0.000000 0.000000 1.000000
0.727399 0.043332 -0.684845 -0.455054 0.002351 0.997841 0.065634 107.846260 0.686210 -0.049352 0.725727 -0.513881 0.000000 0.000000 0.000000 1.000000
0.726848 0.047632 -0.685144 -0.417219 0.001828 0.997454 0.071283 107.863731 0.686795 -0.053065 0.724911 -0.500891 0.000000 0.000000 0.000000 1.000000
0.726831 0.052397 -0.684815 -0.382620 0.001149 0.996992 0.077502 107.884743 0.686816 -0.057118 0.724584 -0.464728 0.000000 0.000000 0.000000 1.000000</float_array>
        <technique_common>
          <accessor source="#mixamorig_Hips-Matrix-animation-output-transform-array" count="58" stride="16">
            <param type="float4x4"/>
          </accessor>
        </technique_common>
      </source>
      <source id="mixamorig_Hips-Interpolations">
        <Name_array id="mixamorig_Hips-Interpolations-array" count="58">
 LINEAR LINEAR LINEAR LINEAR LINEAR LINEAR LINEAR LINEAR LINEAR LINEAR LINEAR
LINEAR LINEAR LINEAR LINEAR LINEAR LINEAR LINEAR LINEAR LINEAR LINEAR LINEAR LINEAR
LINEAR LINEAR LINEAR LINEAR LINEAR LINEAR LINEAR LINEAR LINEAR LINEAR LINEAR LINEAR
LINEAR LINEAR LINEAR LINEAR LINEAR LINEAR LINEAR LINEAR LINEAR LINEAR LINEAR LINEAR
LINEAR LINEAR LINEAR LINEAR LINEAR LINEAR LINEAR LINEAR LINEAR LINEAR LINEAR</Name_array>
        <technique_common>
          <accessor source="#mixamorig_Hips-Interpolations-array" count="58">
            <param type="name"/>
          </accessor>
        </technique_common>
      </source>
      <sampler id="mixamorig_Hips-Matrix-animation-transform">
        <input semantic="INPUT" source="#mixamorig_Hips-Matrix-animation-input"/>
        <input semantic="OUTPUT" source="#mixamorig_Hips-Matrix-animation-output-transform"/>
        <input semantic="INTERPOLATION" source="#mixamorig_Hips-Interpolations"/>
      </sampler>
      <channel source="#mixamorig_Hips-Matrix-animation-transform" target="mixamorig_Hips/matrix"/>
    </animation>
    <animation id="mixamorig_Spine-anim" name="mixamorig_Spine">
      <source id="mixamorig_Spine-Matrix-animation-input">
        <float_array id="mixamorig_Spine-Matrix-animation-input-array" count="58">

0.000000 0.033333 0.066667 0.100000 0.133333 0.166667 0.200000 0.233333 0.266667 0.300000 0.333333 0.366667 0.400000 0.433333 0.466667 0.500000
0.533333 0.566667 0.600000 0.633333 0.666667 0.700000 0.733333 0.766667 0.800000 0.833333 0.866667 0.900000 0.933333 0.966667 1.000000 1.033333
1.066667 1.100000 1.133333 1.166667 1.200000 1.233333 1.266667 1.300000 1.333333 1.366667 1.400000 1.433333 1.466667 1.500000 1.533333 1.566667
1.600000 1.633333 1.666667 1.700000 1.733333 1.766667 1.800000 1.833333 1.866667 1.900000</float_array>
        <technique_common>
          <accessor source="#mixamorig_Spine-Matrix-animation-input-array" count="58">
            <param name="TIME" type="float"/>
          </accessor>
        </technique_common>
      </source>
      <source id="mixamorig_Spine-Matrix-animation-output-transform">
        <float_array id="mixamorig_Spine-Matrix-animation-output-transform-array" count="928">

0.996236 0.012307 0.085810 0.072000 -0.011792 0.999909 -0.006507 7.257300 -0.085882 0.005470 0.996290 -0.789700 0.000000 0.000000 0.000000 1.000000
0.996679 0.012814 0.080414 0.072000 -0.012320 0.999902 -0.006646 7.257300 -0.080492 0.005634 0.996739 -0.789700 0.000000 0.000000 0.000000 1.000000
0.997242 0.014734 0.072746 0.072000 -0.014105 0.999859 -0.009158 7.257300 -0.072870 0.008107 0.997308 -0.789700 0.000000 0.000000 0.000000 1.000000
0.997623 0.016060 0.067007 0.072000 -0.015287 0.999811 -0.012046 7.257300 -0.067188 0.010993 0.997680 -0.789700 0.000000 0.000000 0.000000 1.000000
0.997995 0.014606 0.061589 0.072000 -0.013585 0.999764 -0.016963 7.257300 -0.061822 0.016093 0.997957 -0.789700 0.000000 0.000000 0.000000 1.000000
0.998448 0.011829 0.054420 0.072000 -0.010535 0.999657 -0.023991 7.257300 -0.054685 0.023381 0.998230 -0.789700 0.000000 0.000000 0.000000 1.000000
0.999026 0.011275 0.042670 0.072000 -0.009892 0.999424 -0.032465 7.257300 -0.043011 0.032011 0.998562 -0.789700 0.000000 0.000000 0.000000 1.000000
0.999458 0.012961 0.030269 0.072000 -0.011597 0.998928 -0.044825 7.257300 -0.030818 0.044449 0.998536 -0.789700 0.000000 0.000000 0.000000 1.000000
0.999557 0.015465 0.025448 0.072000 -0.014041 0.998377 -0.055200 7.257300 -0.026260 0.054818 0.998151 -0.789700 0.000000 0.000000 0.000000 1.000000
0.999530 0.016468 0.025874 0.072000 -0.014873 0.998046 -0.060690 7.257300 -0.026823 0.060277 0.997821 -0.789700 0.000000 0.000000 0.000000 1.000000
0.999536 0.012724 0.027666 0.072000 -0.010901 0.997820 -0.065090 7.257300 -0.028434 0.064758 0.997496 -0.789700 0.000000 0.000000 0.000000 1.000000
0.999411 0.008653 0.033210 0.072000 -0.006638 0.998157 -0.060319 7.257300 -0.033671 0.060063 0.997627 -0.789700 0.000000 0.000000 0.000000 1.000000
0.999364 0.006979 0.034978 0.072000 -0.005379 0.998945 -0.045614 7.257300 -0.035260 0.045397 0.998347 -0.789700 0.000000 0.000000 0.000000 1.000000
0.999456 0.004510 0.032660 0.072000 -0.003374 0.999390 -0.034751 7.257300 -0.032797 0.034622 0.998862 -0.789700 0.000000 0.000000 0.000000 1.000000
0.999390 0.005158 0.034535 0.072000 -0.004180 0.999590 -0.028321 7.257300 -0.034666 0.028159 0.999002 -0.789700 0.000000 0.000000 0.000000 1.000000
0.999349 0.006175 0.035559 0.072000 -0.005735 0.999906 -0.012475 7.257300 -0.035633 0.012263 0.999290 -0.789700 0.000000 0.000000 0.000000 1.000000
0.999425 0.000950 0.033883 0.072000 -0.001137 0.999984 0.005488 7.257300 -0.033877 -0.005524 0.999411 -0.789700 0.000000 0.000000 0.000000 1.000000
0.998940 0.022560 0.040135 0.072000 -0.022803 0.999724 0.005596 7.257300 -0.039998 -0.006505 0.999179 -0.789700 0.000000 0.000000 0.000000 1.000000
0.998104 0.043414 0.043620 0.072000 -0.043238 0.999053 -0.004952 7.257300 -0.043794 0.003057 0.999036 -0.789700 0.000000 0.000000 0.000000 1.000000
0.997969 0.050411 0.038957 0.072000 -0.049773 0.998613 -0.017180 7.257300 -0.039769 0.015206 0.999093 -0.789700 0.000000 0.000000 0.000000 1.000000
0.997896 0.057915 0.029151 0.072000 -0.056916 0.997800 -0.033999 7.257300 -0.031056 0.032269 0.998997 -0.789700 0.000000 0.000000 0.000000 1.000000
0.997785 0.064374 0.016744 0.072000 -0.063322 0.996352 -0.057208 7.257300 -0.020365 0.056021 0.998222 -0.789700 0.000000 0.000000 0.000000 1.000000
0.997435 0.071161 0.007774 0.072000 -0.070163 0.993377 -0.090986 7.257300 -0.014197 0.090207 0.995822 -0.789700 0.000000 0.000000 0.000000 1.000000
0.996979 0.077620 0.002727 0.072000 -0.076644 0.988915 -0.127169 7.257300 -0.012568 0.126576 0.991877 -0.789700 0.000000 0.000000 0.000000 1.000000
0.997021 0.077130 -0.000110 0.072000 -0.076230 0.985161 -0.153772 7.257300 -0.011752 0.153323 0.988106 -0.789700 0.000000 0.000000 0.000000 1.000000
0.997395 0.072064 -0.003191 0.072000 -0.071624 0.984118 -0.162427 7.257300 -0.008564 0.162233 0.986715 -0.789700 0.000000 0.000000 0.000000 1.000000
0.997818 0.065830 -0.005147 0.072000 -0.065832 0.985722 -0.154979 7.257300 -0.005129 0.154979 0.987904 -0.789700 0.000000 0.000000 0.000000 1.000000
0.998218 0.059352 -0.006221 0.072000 -0.059646 0.988875 -0.136269 7.257300 -0.001936 0.136397 0.990652 -0.789700 0.000000 0.000000 0.000000 1.000000
0.998525 0.053525 -0.009075 0.072000 -0.054195 0.992597 -0.108696 7.257300 0.003190 0.109027 0.994034 -0.789700 0.000000 0.000000 0.000000 1.000000
0.998694 0.049685 -0.011919 0.072000 -0.050441 0.995915 -0.074892 7.257300 0.008149 0.075395 0.997120 -0.789700 0.000000 0.000000 0.000000 1.000000
0.998798 0.048340 -0.008066 0.072000 -0.048636 0.997944 -0.041740 7.257300 0.006032 0.042082 0.999096 -0.789700 0.000000 0.000000 0.000000 1.000000
0.998976 0.045236 -0.000805 0.072000 -0.045243 0.998822 -0.017533 7.257300 0.000011 0.017551 0.999846 -0.789700 0.000000 0.000000 0.000000 1.000000
0.999292 0.037332 0.004705 0.072000 -0.037329 0.999303 -0.000585 7.257300 -0.004724 0.000409 0.999989 -0.789700 0.000000 0.000000 0.000000 1.000000
0.999887 0.013298 0.006997 0.072000 -0.013319 0.999907 0.002919 7.257300 -0.006957 -0.003012 0.999971 -0.789700 0.000000 0.000000 0.000000 1.000000
0.999834 0.000098 0.018236 0.072000 0.000005 0.999984 -0.005661 7.257300 -0.018236 0.005660 0.999818 -0.789700 0.000000 0.000000 0.000000 1.000000
0.999275 0.010712 0.036546 0.072000 -0.009818 0.999650 -0.024578 7.257300 -0.036796 0.024202 0.999030 -0.789700 0.000000 0.000000 0.000000 1.000000
0.998799 0.017637 0.045706 0.072000 -0.015511 0.998799 -0.046466 7.257300 -0.046471 0.045701 0.997874 -0.789700 0.000000 0.000000 0.000000 1.000000
0.998438 0.014980 0.053834 0.072000 -0.011126 0.997402 -0.071175 7.257300 -0.054761 0.070464 0.996010 -0.789700 0.000000 0.000000 0.000000 1.000000
0.998130 0.007636 0.060643 0.072000 -0.001815 0.995432 -0.095460 7.257300 -0.061094 0.095172 0.993584 -0.789700 0.000000 0.000000 0.000000 1.000000
0.998034 -0.001146 0.062663 0.072000 0.008211 0.993607 -0.112594 7.257300 -0.062133 0.112887 0.991663 -0.789700 0.000000 0.000000 0.000000 1.000000
0.997928 -0.010293 0.063510 0.072000 0.018268 0.991824 -0.126300 7.257300 -0.061691 0.127198 0.989957 -0.789700 0.000000 0.000000 0.000000 1.000000
0.997893 -0.016874 0.062644 0.072000 0.025254 0.990455 -0.135502 7.257300 -0.059760 0.136798 0.988795 -0.789700 0.000000 0.000000 0.000000 1.000000
0.998010 -0.020440 0.059651 0.072000 0.028245 0.990703 -0.133078 7.257300 -0.056377 0.134498 0.989309 -0.789700 0.000000 0.000000 0.000000 1.000000
0.998051 -0.022480 0.058214 0.072000 0.029495 0.992018 -0.122601 7.257300 -0.054993 0.124079 0.990747 -0.789700 0.000000 0.000000 0.000000 1.000000
0.998093 -0.020599 0.058184 0.072000 0.026863 0.993677 -0.109015 7.257300 -0.055570 0.110370 0.992336 -0.789700 0.000000 0.000000 0.000000 1.000000
0.998124 -0.016942 0.058828 0.072000 0.022387 0.995398 -0.093174 7.257300 -0.056979 0.094316 0.993910 -0.789700 0.000000 0.000000 0.000000 1.000000
0.997996 -0.014397 0.061620 0.072000 0.019177 0.996793 -0.077696 7.257300 -0.060303 0.078722 0.995071 -0.789700 0.000000 0.000000 0.000000 1.000000
0.997742 -0.011360 0.066192 0.072000 0.015649 0.997786 -0.064644 7.257300 -0.065311 0.065534 0.995711 -0.789700 0.000000 0.000000 0.000000 1.000000
0.997416 -0.008281 0.071368 0.072000 0.012014 0.998573 -0.052033 7.257300 -0.070835 0.052756 0.996092 -0.789700 0.000000 0.000000 0.000000 1.000000
0.997106 -0.005645 0.075812 0.072000 0.008580 0.999224 -0.038445 7.257300 -0.075536 0.038984 0.996381 -0.789700 0.000000 0.000000 0.000000 1.000000
0.996816 -0.001317 0.079722 0.072000 0.003408 0.999654 -0.026097 7.257300 -0.079660 0.026286 0.996475 -0.789700 0.000000 0.000000 0.000000 1.000000
0.996561 0.002844 0.082811 0.072000 -0.001328 0.999830 -0.018364 7.257300 -0.082849 0.018191 0.996396 -0.789700 0.000000 0.000000 0.000000 1.000000
0.996409 0.006017 0.084454 0.072000 -0.004812 0.999884 -0.014468 7.257300 -0.084531 0.014010 0.996322 -0.789700 0.000000 0.000000 0.000000 1.000000
0.996324 0.008486 0.085242 0.072000 -0.007462 0.999896 -0.012323 7.257300 -0.085338 0.011642 0.996284 -0.789700 0.000000 0.000000 0.000000 1.000000
0.996268 0.010412 0.085687 0.072000 -0.009575 0.999902 -0.010168 7.257300 -0.085785 0.009310 0.996270 -0.789700 0.000000 0.000000 0.000000 1.000000
0.996227 0.011754 0.085985 0.072000 -0.011083 0.999904 -0.008276 7.257300 -0.086074 0.007292 0.996262 -0.789700 0.000000 0.000000 0.000000 1.000000
0.996212 0.012413 0.086065 0.072000 -0.011839 0.999904 -0.007171 7.257300 -0.086146 0.006124 0.996264 -0.789700 0.000000 0.000000 0.000000 1.000000
0.996238 0.012238 0.085797 0.072000 -0.011724 0.999910 -0.006501 7.257300 -0.085868 0.005471 0.996291 -0.789700 0.000000 0.000000 0.000000 1.000000</float_array>
        <technique_common>
          <accessor source="#mixamorig_Spine-Matrix-animation-output-transform-array" count="58" stride="16">
            <param type="float4x4"/>
          </accessor>
        </technique_common>
      </source>
      <source id="mixamorig_Spine-Interpolations">
        <Name_array id="mixamorig_Spine-Interpolations-array" count="58">
 LINEAR LINEAR LINEAR LINEAR LINEAR LINEAR LINEAR LINEAR LINEAR LINEAR LINEAR
LINEAR LINEAR LINEAR LINEAR LINEAR LINEAR LINEAR LINEAR LINEAR LINEAR LINEAR LINEAR
LINEAR LINEAR LINEAR LINEAR LINEAR LINEAR LINEAR LINEAR LINEAR LINEAR LINEAR LINEAR
LINEAR LINEAR LINEAR LINEAR LINEAR LINEAR LINEAR LINEAR LINEAR LINEAR LINEAR LINEAR
LINEAR LINEAR LINEAR LINEAR LINEAR LINEAR LINEAR LINEAR LINEAR LINEAR LINEAR</Name_array>
        <technique_common>
          <accessor source="#mixamorig_Spine-Interpolations-array" count="58">
            <param type="name"/>
          </accessor>
        </technique_common>
      </source>
      <sampler id="mixamorig_Spine-Matrix-animation-transform">
        <input semantic="INPUT" source="#mixamorig_Spine-Matrix-animation-input"/>
        <input semantic="OUTPUT" source="#mixamorig_Spine-Matrix-animation-output-transform"/>
        <input semantic="INTERPOLATION" source="#mixamorig_Spine-Interpolations"/>
      </sampler>
      <channel source="#mixamorig_Spine-Matrix-animation-transform" target="mixamorig_Spine/matrix"/>
    </animation>
    <animation id="mixamorig_Spine1-anim" name="mixamorig_Spine1">
      <source id="mixamorig_Spine1-Matrix-animation-input">
        <float_array id="mixamorig_Spine1-Matrix-animation-input-array" count="58">

0.000000 0.033333 0.066667 0.100000 0.133333 0.166667 0.200000 0.233333 0.266667 0.300000 0.333333 0.366667 0.400000 0.433333 0.466667 0.500000
0.533333 0.566667 0.600000 0.633333 0.666667 0.700000 0.733333 0.766667 0.800000 0.833333 0.866667 0.900000 0.933333 0.966667 1.000000 1.033333
1.066667 1.100000 1.133333 1.166667 1.200000 1.233333 1.266667 1.300000 1.333333 1.366667 1.400000 1.433333 1.466667 1.500000 1.533333 1.566667
1.600000 1.633333 1.666667 1.700000 1.733333 1.766667 1.800000 1.833333 1.866667 1.900000</float_array>
        <technique_common>
          <accessor source="#mixamorig_Spine1-Matrix-animation-input-array" count="58">
            <param name="TIME" type="float"/>
          </accessor>
        </technique_common>
      </source>
      <source id="mixamorig_Spine1-Matrix-animation-output-transform">
        <float_array id="mixamorig_Spine1-Matrix-animation-output-transform-array" count="928">

0.986175 0.037946 0.161302 0.000000 -0.004748 0.979498 -0.201399 8.558700 -0.165637 0.197849 0.966137 0.000000 0.000000 0.000000 0.000000 1.000000
0.987893 0.038254 0.150346 0.000000 -0.007214 0.979401 -0.201794 8.558700 -0.154968 0.198266 0.967820 0.000000 0.000000 0.000000 0.000000 1.000000
0.990315 0.037118 0.133785 -0.000000 -0.008773 0.978405 -0.206510 8.558700 -0.138561 0.203337 0.969255 0.000000 0.000000 0.000000 0.000000 1.000000
0.992059 0.034501 0.120950 0.000000 -0.008154 0.977261 -0.211885 8.558700 -0.125510 0.209216 0.969781 0.000000 0.000000 0.000000 0.000000 1.000000
0.993670 0.028140 0.108753 0.000000 -0.003402 0.975211 -0.221249 8.558700 -0.112283 0.219479 0.969134 -0.000000 0.000000 0.000000 0.000000 1.000000
0.995539 0.020296 0.092146 -0.000000 0.001922 0.972028 -0.234856 8.558700 -0.094335 0.233986 0.967653 -0.000000 0.000000 0.000000 0.000000 1.000000
0.997776 0.013662 0.065248 -0.000000 0.003184 0.967890 -0.251354 8.558700 -0.066587 0.251002 0.965694 0.000000 0.000000 0.000000 0.000000 1.000000
0.999319 0.007602 0.036110 0.000000 0.002635 0.961354 -0.275304 8.558700 -0.036807 0.275211 0.960679 0.000000 0.000000 0.000000 0.000000 1.000000
0.999785 0.005746 0.019902 -0.000000 0.000387 0.955407 -0.295291 8.558700 -0.020712 0.295235 0.955200 -0.000000 0.000000 0.000000 0.000000 1.000000
0.999904 0.005233 0.012842 0.000000 -0.001055 0.952093 -0.305806 8.558700 -0.013827 0.305763 0.952007 0.000000 0.000000 0.000000 0.000000 1.000000
0.999960 -0.001627 0.008771 0.000000 0.004301 0.949345 -0.314207 8.558700 -0.007815 0.314233 0.949314 -0.000000 0.000000 0.000000 0.000000 1.000000
0.999831 -0.004595 0.017781 0.000000 0.009801 0.952286 -0.305048 8.558700 -0.015531 0.305171 0.952171 0.000000 0.000000 0.000000 0.000000 1.000000
0.999711 -0.002757 0.023885 -0.000000 0.009265 0.960855 -0.276896 8.558700 -0.022187 0.277037 0.960603 0.000000 0.000000 0.000000 0.000000 1.000000
0.999663 -0.003613 0.025726 -0.000000 0.010082 0.966621 -0.256013 8.558700 -0.023942 0.256186 0.966331 0.000000 0.000000 0.000000 0.000000 1.000000
0.999201 0.004367 0.039732 -0.000000 0.005449 0.969853 -0.243629 8.558700 -0.039598 0.243651 0.969054 0.000000 0.000000 0.000000 0.000000 1.000000
0.998216 0.019433 0.056454 0.000000 -0.006961 0.976978 -0.213227 8.558700 -0.059298 0.212453 0.975370 -0.000000 0.000000 0.000000 0.000000 1.000000
0.997168 0.032999 0.067578 -0.000000 -0.020419 0.983633 -0.179025 8.558700 -0.072379 0.177138 0.981521 0.000000 0.000000 0.000000 0.000000 1.000000
0.996218 0.044748 0.074478 0.000000 -0.030877 0.983559 -0.177930 8.558700 -0.081215 0.174957 0.981221 0.000000 0.000000 0.000000 0.000000 1.000000
0.995415 0.058640 0.075570 0.000000 -0.042682 0.979329 -0.197722 8.558700 -0.085603 0.193590 0.977341 0.000000 0.000000 0.000000 0.000000 1.000000
0.995189 0.069449 0.069106 0.000000 -0.052550 0.973685 -0.221755 8.558700 -0.082688 0.217057 0.972651 -0.000000 0.000000 0.000000 0.000000 1.000000
0.994873 0.086352 0.052644 -0.000000 -0.070223 0.964423 -0.254867 8.558700 -0.072779 0.249863 0.965542 0.000000 0.000000 0.000000 0.000000 1.000000
0.994437 0.101306 0.028858 0.000000 -0.088078 0.949961 -0.299694 8.558700 -0.057775 0.295485 0.953599 0.000000 0.000000 0.000000 0.000000 1.000000
0.993289 0.115312 0.008999 0.000000 -0.104180 0.925761 -0.363474 8.558700 -0.050244 0.360097 0.931561 -0.000000 0.000000 0.000000 0.000000 1.000000
0.992022 0.125989 -0.004264 0.000000 -0.115564 0.895382 -0.430042 8.558700 -0.050363 0.427104 0.902799 -0.000000 0.000000 0.000000 0.000000 1.000000
0.991996 0.125541 -0.013532 0.000000 -0.116711 0.870732 -0.477708 8.558700 -0.048189 0.475464 0.878414 0.000000 0.000000 0.000000 0.000000 1.000000
0.993111 0.115452 -0.020055 0.000000 -0.110286 0.863049 -0.492933 8.558700 -0.039601 0.491749 0.869836 -0.000000 0.000000 0.000000 0.000000 1.000000
0.994725 0.100167 -0.022098 0.000000 -0.098450 0.871826 -0.479820 8.558700 -0.028797 0.479465 0.877089 0.000000 0.000000 0.000000 0.000000 1.000000
0.996370 0.082064 -0.022624 0.000000 -0.083514 0.890902 -0.446451 8.558700 -0.016482 0.446720 0.894522 -0.000000 0.000000 0.000000 0.000000 1.000000
0.997607 0.063423 -0.027532 0.000000 -0.069141 0.915542 -0.396235 8.558700 0.000076 0.397191 0.917736 0.000000 0.000000 0.000000 0.000000 1.000000
0.998355 0.046739 -0.033210 -0.000000 -0.055151 0.941208 -0.333295 8.558700 0.015680 0.334579 0.942237 -0.000000 0.000000 0.000000 0.000000 1.000000
0.998999 0.034770 -0.028153 0.000000 -0.041093 0.961944 -0.270138 8.558700 0.017688 0.271025 0.962410 -0.000000 0.000000 0.000000 0.000000 1.000000
0.999489 0.026227 -0.018262 -0.000000 -0.029643 0.974355 -0.223057 8.558700 0.011943 0.223484 0.974634 0.000000 0.000000 0.000000 0.000000 1.000000
0.999787 0.018529 -0.009142 0.000000 -0.019927 0.981640 -0.189698 8.558700 0.005459 0.189840 0.981800 0.000000 0.000000 0.000000 0.000000 1.000000
0.999886 0.014350 -0.004653 0.000000 -0.014959 0.983029 -0.182837 8.558700 0.001950 0.182886 0.983132 0.000000 0.000000 0.000000 0.000000 1.000000
0.999913 0.013104 0.001645 0.000000 -0.012511 0.979742 -0.199874 8.558700 -0.004231 0.199836 0.979820 0.000000 0.000000 0.000000 0.000000 1.000000
0.999769 0.014965 0.015420 0.000000 -0.010894 0.971555 -0.236563 8.558700 -0.018522 0.236341 0.971494 0.000000 0.000000 0.000000 0.000000 1.000000
0.999752 0.011908 0.018805 -0.000000 -0.006203 0.960442 -0.278411 8.558700 -0.021377 0.278225 0.960278 0.000000 0.000000 0.000000 0.000000 1.000000
0.999700 -0.003137 0.024306 0.000000 0.010873 0.945603 -0.325142 8.558700 -0.021964 0.325309 0.945353 -0.000000 0.000000 0.000000 0.000000 1.000000
0.999241 -0.020899 0.032870 0.000000 0.031601 0.928325 -0.370424 8.558700 -0.022772 0.371181 0.928281 0.000000 0.000000 0.000000 0.000000 1.000000
0.998493 -0.038349 0.039250 0.000000 0.050913 0.914266 -0.401903 8.558700 -0.020472 0.403295 0.914841 0.000000 0.000000 0.000000 0.000000 1.000000
0.997248 -0.055044 0.049657 0.000000 0.071008 0.901672 -0.426551 8.558700 -0.021295 0.428904 0.903099 0.000000 0.000000 0.000000 0.000000 1.000000
0.995982 -0.064669 0.061947 0.000000 0.085492 0.892568 -0.442734 8.558700 -0.026661 0.446251 0.894510 0.000000 0.000000 0.000000 0.000000 1.000000
0.995138 -0.068410 0.070859 0.000000 0.092658 0.894195 -0.437984 8.558700 -0.033399 0.442420 0.896186 0.000000 0.000000 0.000000 0.000000 1.000000
0.994354 -0.069171 0.080472 0.000000 0.096691 0.903034 -0.418547 8.558700 -0.043718 0.423964 0.904623 -0.000000 0.000000 0.000000 0.000000 1.000000
0.994146 -0.061133 0.089087 0.000000 0.091513 0.914759 -0.393499 8.558700 -0.057438 0.399349 0.914998 0.000000 0.000000 0.000000 0.000000 1.000000
0.994100 -0.049263 0.096638 0.000000 0.081381 0.927752 -0.364217 8.558700 -0.071713 0.369932 0.926287 0.000000 0.000000 0.000000 0.000000 1.000000
0.993590 -0.038114 0.106426 -0.000000 0.071953 0.939344 -0.335344 8.558700 -0.087190 0.340852 0.936065 0.000000 0.000000 0.000000 0.000000 1.000000
0.992616 -0.025664 0.118550 -0.000000 0.061650 0.948450 -0.310871 8.558700 -0.104460 0.315885 0.943030 0.000000 0.000000 0.000000 0.000000 1.000000
0.991327 -0.013253 0.130752 -0.000000 0.050668 0.956530 -0.287199 8.558700 -0.121262 0.291333 0.948905 0.000000 0.000000 0.000000 0.000000 1.000000
0.990060 -0.002209 0.140628 0.000000 0.039317 0.964361 -0.261654 8.558700 -0.135038 0.264582 0.954862 -0.000000 0.000000 0.000000 0.000000 1.000000
0.988788 0.008566 0.149080 -0.000000 0.027506 0.970821 -0.238224 8.558700 -0.146770 0.239653 0.959700 0.000000 0.000000 0.000000 0.000000 1.000000
0.987693 0.017643 0.155405 0.000000 0.017766 0.974530 -0.223550 8.558700 -0.155391 0.223560 0.962224 0.000000 0.000000 0.000000 0.000000 1.000000
0.987040 0.024352 0.158613 0.000000 0.010662 0.976282 -0.216240 8.558700 -0.160117 0.215129 0.963370 -0.000000 0.000000 0.000000 0.000000 1.000000
0.986664 0.029509 0.160074 0.000000 0.005215 0.977194 -0.212285 8.558700 -0.162688 0.210288 0.964008 0.000000 0.000000 0.000000 0.000000 1.000000
0.986395 0.033599 0.160923 0.000000 0.000664 0.978069 -0.208280 8.558700 -0.164392 0.205554 0.964740 0.000000 0.000000 0.000000 0.000000 1.000000
0.986193 0.036507 0.161523 0.000000 -0.002700 0.978813 -0.204740 8.558700 -0.165575 0.201477 0.965397 0.000000 0.000000 0.000000 0.000000 1.000000
0.986107 0.038015 0.161706 0.000000 -0.004515 0.979236 -0.202671 8.558700 -0.166053 0.199125 0.965803 0.000000 0.000000 0.000000 0.000000 1.000000
0.986177 0.037982 0.161285 -0.000000 -0.004786 0.979497 -0.201403 8.558700 -0.165628 0.197848 0.966139 0.000000 0.000000 0.000000 0.000000 1.000000</float_array>
        <technique_common>
          <accessor source="#mixamorig_Spine1-Matrix-animation-output-transform-array" count="58" stride="16">
            <param type="float4x4"/>
          </accessor>
        </technique_common>
      </source>
      <source id="mixamorig_Spine1-Interpolations">
        <Name_array id="mixamorig_Spine1-Interpolations-array" count="58">
 LINEAR LINEAR LINEAR LINEAR LINEAR LINEAR LINEAR LINEAR LINEAR LINEAR LINEAR
LINEAR LINEAR LINEAR LINEAR LINEAR LINEAR LINEAR LINEAR LINEAR LINEAR LINEAR LINEAR
LINEAR LINEAR LINEAR LINEAR LINEAR LINEAR LINEAR LINEAR LINEAR LINEAR LINEAR LINEAR
LINEAR LINEAR LINEAR LINEAR LINEAR LINEAR LINEAR LINEAR LINEAR LINEAR LINEAR LINEAR
LINEAR LINEAR LINEAR LINEAR LINEAR LINEAR LINEAR LINEAR LINEAR LINEAR LINEAR</Name_array>
        <technique_common>
          <accessor source="#mixamorig_Spine1-Interpolations-array" count="58">
            <param type="name"/>
          </accessor>
        </technique_common>
      </source>
      <sampler id="mixamorig_Spine1-Matrix-animation-transform">
        <input semantic="INPUT" source="#mixamorig_Spine1-Matrix-animation-input"/>
        <input semantic="OUTPUT" source="#mixamorig_Spine1-Matrix-animation-output-transform"/>
        <input semantic="INTERPOLATION" source="#mixamorig_Spine1-Interpolations"/>
      </sampler>
      <channel source="#mixamorig_Spine1-Matrix-animation-transform" target="mixamorig_Spine1/matrix"/>
    </animation>
    <animation id="mixamorig_Spine2-anim" name="mixamorig_Spine2">
      <source id="mixamorig_Spine2-Matrix-animation-input">
        <float_array id="mixamorig_Spine2-Matrix-animation-input-array" count="58">

0.000000 0.033333 0.066667 0.100000 0.133333 0.166667 0.200000 0.233333 0.266667 0.300000 0.333333 0.366667 0.400000 0.433333 0.466667 0.500000
0.533333 0.566667 0.600000 0.633333 0.666667 0.700000 0.733333 0.766667 0.800000 0.833333 0.866667 0.900000 0.933333 0.966667 1.000000 1.033333
1.066667 1.100000 1.133333 1.166667 1.200000 1.233333 1.266667 1.300000 1.333333 1.366667 1.400000 1.433333 1.466667 1.500000 1.533333 1.566667
1.600000 1.633333 1.666667 1.700000 1.733333 1.766667 1.800000 1.833333 1.866667 1.900000</float_array>
        <technique_common>
          <accessor source="#mixamorig_Spine2-Matrix-animation-input-array" count="58">
            <param name="TIME" type="float"/>
          </accessor>
        </technique_common>
      </source>
      <source id="mixamorig_Spine2-Matrix-animation-output-transform">
        <float_array id="mixamorig_Spine2-Matrix-animation-output-transform-array" count="928">

0.986175 0.053057 0.156981 0.000000 -0.004748 0.956011 -0.293291 29.149500 -0.165637 0.288492 0.943047 1.721100 0.000000 0.000000 0.000000 1.000000
0.987893 0.052325 0.146045 0.000000 -0.007214 0.955878 -0.293676 29.149500 -0.154968 0.289067 0.944683 1.721100 0.000000 0.000000 0.000000 1.000000
0.990315 0.049626 0.129667 0.000000 -0.008773 0.954439 -0.298276 29.149500 -0.138561 0.294250 0.945631 1.721100 0.000000 0.000000 0.000000 1.000000
0.992059 0.045805 0.117137 0.000000 -0.008154 0.952791 -0.303518 29.149500 -0.125509 0.300153 0.945598 1.721100 0.000000 0.000000 0.000000 1.000000
0.993670 0.038316 0.105598 -0.000000 -0.003402 0.949863 -0.312647 29.149500 -0.112283 0.310308 0.943982 1.721100 0.000000 0.000000 0.000000 1.000000
0.995539 0.028935 0.089809 -0.000000 0.001922 0.945406 -0.325890 29.149500 -0.094335 0.324609 0.941132 1.721100 0.000000 0.000000 0.000000 1.000000
0.997776 0.019782 0.063660 0.000000 0.003184 0.939723 -0.341922 29.149500 -0.066587 0.341364 0.937570 1.721100 0.000000 0.000000 0.000000 1.000000
0.999319 0.010988 0.035227 0.000000 0.002635 0.930947 -0.365145 29.149500 -0.036807 0.364989 0.930284 1.721100 0.000000 0.000000 0.000000 1.000000
0.999785 0.007606 0.019269 -0.000000 0.000387 0.923134 -0.384478 29.149500 -0.020712 0.384403 0.922933 1.721100 0.000000 0.000000 0.000000 1.000000
0.999904 0.006426 0.012288 0.000000 -0.001055 0.918838 -0.394633 29.149500 -0.013827 0.394582 0.918757 1.721100 0.000000 0.000000 0.000000 1.000000
0.999960 -0.000789 0.008886 0.000000 0.004301 0.915306 -0.402736 29.149500 -0.007815 0.402758 0.915273 1.721100 0.000000 0.000000 0.000000 1.000000
0.999831 -0.002889 0.018136 0.000000 0.009801 0.919102 -0.393897 29.149500 -0.015531 0.394008 0.918976 1.721100 0.000000 0.000000 0.000000 1.000000
0.999711 -0.000481 0.024039 -0.000000 0.009265 0.930300 -0.366683 29.149500 -0.022187 0.366799 0.930035 1.721100 0.000000 0.000000 0.000000 1.000000
0.999663 -0.001159 0.025952 0.000000 0.010082 0.938018 -0.346440 29.149500 -0.023942 0.346584 0.937713 1.721100 0.000000 0.000000 0.000000 1.000000
0.999201 0.008112 0.039139 -0.000000 0.005449 0.942409 -0.334417 29.149500 -0.039598 0.334363 0.941612 1.721100 0.000000 0.000000 0.000000 1.000000
0.998216 0.024694 0.054359 0.000000 -0.006961 0.952382 -0.304827 29.149500 -0.059298 0.303905 0.950855 1.721100 0.000000 0.000000 0.000000 1.000000
0.997168 0.039253 0.064147 0.000000 -0.020419 0.962247 -0.271410 29.149500 -0.072379 0.269331 0.960324 1.721100 0.000000 0.000000 0.000000 1.000000
0.996218 0.051602 0.069904 0.000000 -0.030877 0.962277 -0.270313 29.149500 -0.081215 0.267132 0.960232 1.721100 0.000000 0.000000 0.000000 1.000000
0.995415 0.065536 0.069675 0.000000 -0.042682 0.956191 -0.289615 29.149500 -0.085603 0.285313 0.954604 1.721100 0.000000 0.000000 0.000000 1.000000
0.995189 0.075684 0.062215 0.000000 -0.052550 0.948297 -0.313005 29.149500 -0.082688 0.308230 0.947712 1.721100 0.000000 0.000000 0.000000 1.000000
0.994873 0.090951 0.044226 0.000000 -0.070223 0.935939 -0.345091 29.149500 -0.072779 0.340216 0.937527 1.721100 0.000000 0.000000 0.000000 1.000000
0.994437 0.103585 0.019131 0.000000 -0.088078 0.917295 -0.388346 29.149500 -0.057775 0.384500 0.921315 1.721100 0.000000 0.000000 0.000000 1.000000
0.993289 0.115646 -0.001966 0.000000 -0.104180 0.887161 -0.449546 29.149500 -0.050244 0.446734 0.893255 1.721100 0.000000 0.000000 0.000000 1.000000
0.992022 0.125018 -0.016181 -0.000000 -0.115564 0.850612 -0.512936 29.149500 -0.050363 0.510714 0.858274 1.721100 0.000000 0.000000 0.000000 1.000000
0.991996 0.123694 -0.025365 -0.000000 -0.116711 0.821557 -0.558053 29.149500 -0.048189 0.556547 0.829418 1.721100 0.000000 0.000000 0.000000 1.000000
0.993111 0.113032 -0.030903 -0.000000 -0.110286 0.812466 -0.572482 29.149500 -0.039601 0.571946 0.819335 1.721100 0.000000 0.000000 0.000000 1.000000
0.994725 0.097623 -0.031488 0.000000 -0.098450 0.822446 -0.560259 29.149500 -0.028797 0.560404 0.827719 1.721100 0.000000 0.000000 0.000000 1.000000
0.996370 0.079551 -0.030297 0.000000 -0.083514 0.844598 -0.528848 29.149500 -0.016481 0.529459 0.848176 1.721100 0.000000 0.000000 0.000000 1.000000
0.997607 0.060529 -0.033417 -0.000000 -0.069141 0.873884 -0.481192 29.149500 0.000076 0.482351 0.875978 1.721100 0.000000 0.000000 0.000000 1.000000
0.998355 0.043382 -0.037489 0.000000 -0.055151 0.905398 -0.420967 29.149500 0.015680 0.422342 0.906301 1.721100 0.000000 0.000000 0.000000 1.000000
0.998999 0.031947 -0.031320 0.000000 -0.041093 0.932024 -0.360058 29.149500 0.017688 0.360985 0.932404 1.721100 0.000000 0.000000 0.000000 1.000000
