<?xml version="1.0" encoding="utf-8"?>
<COLLADA xmlns="http://www.collada.org/2005/11/COLLADASchema" version="1.4.1">
  <asset>
    <contributor>
      <author>Mixamo</author>
      <authoring_tool>COLLADA Mixamo exporter</authoring_tool>
      <comments/>
    </contributor>
    <created>2024-04-15T02:57:40Z</created>
    <modified>2024-04-15T02:57:40Z</modified>
    <revision/>
    <title/>
    <unit meter="0.010000"/>
    <up_axis>Y_UP</up_axis>
  </asset>
  <library_animations>
    <animation id="mixamorig_Hips-anim" name="mixamorig_Hips">
      <source id="mixamorig_Hips-Matrix-animation-input">
        <float_array id="mixamorig_Hips-Matrix-animation-input-array" count="20">

0.000000 0.033333 0.066667 0.100000 0.133333 0.166667 0.200000 0.233333 0.266667 0.300000 0.333333 0.366667 0.400000 0.433333 0.466667 0.500000
0.533333 0.566667 0.600000 0.633333</float_array>
        <technique_common>
          <accessor source="#mixamorig_Hips-Matrix-animation-input-array" count="20">
            <param name="TIME" type="float"/>
          </accessor>
        </technique_common>
      </source>
      <source id="mixamorig_Hips-Matrix-animation-output-transform">
        <float_array id="mixamorig_Hips-Matrix-animation-output-transform-array" count="320">

0.992995 0.105964 0.052265 1.104290 -0.038732 0.709843 -0.703294 84.864014 -0.111624 0.696344 0.708975 -1.942379 0.000000 0.000000 0.000000 1.000000
0.996374 0.075396 0.039421 1.151723 -0.026406 0.714496 -0.699141 85.511955 -0.080878 0.695565 0.713896 -1.487591 0.000000 0.000000 0.000000 1.000000
0.998283 0.038879 0.043816 0.659189 0.002625 0.717541 -0.696511 87.190018 -0.058520 0.695430 0.716207 -0.506423 0.000000 0.000000 0.000000 1.000000
0.997794 0.025783 0.061177 0.004725 0.023853 0.720738 -0.692797 89.369568 -0.061955 0.692728 0.718533 0.512975 0.000000 0.000000 0.000000 1.000000
0.995599 0.049772 0.079410 -0.370649 0.018344 0.727442 -0.685924 91.342529 -0.091906 0.684362 0.723327 1.557754 0.000000 0.000000 0.000000 1.000000
0.993723 0.068968 0.088084 0.090745 0.008779 0.736859 -0.675990 90.171242 -0.111527 0.672520 0.731628 -0.561655 0.000000 0.000000 0.000000 1.000000
0.992693 0.077354 0.092609 0.909003 0.003807 0.747030 -0.664779 88.406960 -0.120605 0.660274 0.741278 -3.777608 0.000000 0.000000 0.000000 1.000000
0.992635 0.061075 0.104619 1.722376 0.022848 0.753721 -0.656797 87.119370 -0.118967 0.654350 0.746775 -6.488433 0.000000 0.000000 0.000000 1.000000
0.991868 0.033770 0.122713 2.211083 0.055445 0.753215 -0.655434 86.330444 -0.114563 0.656907 0.745217 -7.638776 0.000000 0.000000 0.000000 1.000000
0.990362 0.030146 0.135182 2.370134 0.067723 0.745987 -0.662508 86.214500 -0.120816 0.665278 0.736755 -7.037382 0.000000 0.000000 0.000000 1.000000
0.988342 0.061219 0.139403 2.571104 0.050153 0.733595 -0.677734 87.610123 -0.143756 0.676824 0.721972 -5.519982 0.000000 0.000000 0.000000 1.000000
0.984574 0.107054 0.138395 3.108476 0.020008 0.716900 -0.696889 90.033234 -0.173820 0.688908 0.703699 -3.528384 0.000000 0.000000 0.000000 1.000000
0.981508 0.124988 0.144986 3.936028 0.015846 0.701761 -0.712236 92.800262 -0.190766 0.701363 0.686803 -0.661757 0.000000 0.000000 0.000000 1.000000
0.980267 0.107335 0.166002 4.669470 0.044921 0.696832 -0.715827 94.164070 -0.192509 0.709158 0.678259 2.144260 0.000000 0.000000 0.000000 1.000000
0.977719 0.080660 0.193800 4.897229 0.081462 0.705082 -0.704432 92.861664 -0.193465 0.704524 0.682801 2.637311 0.000000 0.000000 0.000000 1.000000
0.977130 0.062741 0.203175 4.488955 0.096542 0.720431 -0.686774 90.804291 -0.189462 0.690682 0.697898 0.756720 0.000000 0.000000 0.000000 1.000000
0.980484 0.066248 0.185102 3.662104 0.078282 0.732104 -0.676680 88.629868 -0.180343 0.677964 0.712630 -1.534083 0.000000 0.000000 0.000000 1.000000
0.986255 0.087694 0.140035 2.625708 0.031340 0.732857 -0.679661 87.133820 -0.162228 0.674708 0.720036 -3.349814 0.000000 0.000000 0.000000 1.000000
0.990021 0.107943 0.090590 1.767268 -0.015699 0.723333 -0.690320 85.877625 -0.140042 0.682010 0.717810 -3.531819 0.000000 0.000000 0.000000 1.000000
0.992995 0.105964 0.052265 1.104289 -0.038732 0.709843 -0.703294 84.863998 -0.111624 0.696344 0.708975 -1.942392 0.000000 0.000000 0.000000 1.000000</float_array>
        <technique_common>
          <accessor source="#mixamorig_Hips-Matrix-animation-output-transform-array" count="20" stride="16">
            <param type="float4x4"/>
          </accessor>
        </technique_common>
      </source>
      <source id="mixamorig_Hips-Interpolations">
        <Name_array id="mixamorig_Hips-Interpolations-array" count="20">
 LINEAR LINEAR LINEAR LINEAR LINEAR LINEAR LINEAR LINEAR LINEAR LINEAR LINEAR
LINEAR LINEAR LINEAR LINEAR LINEAR LINEAR LINEAR LINEAR LINEAR</Name_array>
        <technique_common>
          <accessor source="#mixamorig_Hips-Interpolations-array" count="20">
            <param type="name"/>
          </accessor>
        </technique_common>
      </source>
      <sampler id="mixamorig_Hips-Matrix-animation-transform">
        <input semantic="INPUT" source="#mixamorig_Hips-Matrix-animation-input"/>
        <input semantic="OUTPUT" source="#mixamorig_Hips-Matrix-animation-output-transform"/>
        <input semantic="INTERPOLATION" source="#mixamorig_Hips-Interpolations"/>
      </sampler>
      <channel source="#mixamorig_Hips-Matrix-animation-transform" target="mixamorig_Hips/matrix"/>
    </animation>
    <animation id="mixamorig_Spine-anim" name="mixamorig_Spine">
      <source id="mixamorig_Spine-Matrix-animation-input">
        <float_array id="mixamorig_Spine-Matrix-animation-input-array" count="20">

0.000000 0.033333 0.066667 0.100000 0.133333 0.166667 0.200000 0.233333 0.266667 0.300000 0.333333 0.366667 0.400000 0.433333 0.466667 0.500000
0.533333 0.566667 0.600000 0.633333</float_array>
        <technique_common>
          <accessor source="#mixamorig_Spine-Matrix-animation-input-array" count="20">
            <param name="TIME" type="float"/>
          </accessor>
        </technique_common>
      </source>
      <source id="mixamorig_Spine-Matrix-animation-output-transform">
        <float_array id="mixamorig_Spine-Matrix-animation-output-transform-array" count="320">

0.998999 -0.038199 0.023280 0.072000 0.042935 0.964851 -0.259267 7.257300 -0.012558 0.260007 0.965525 -0.789700 0.000000 0.000000 0.000000 1.000000
0.998879 0.008271 0.046618 0.072000 0.003375 0.969680 -0.244353 7.257300 -0.047226 0.244237 0.968565 -0.789700 0.000000 0.000000 0.000000 1.000000
0.995472 0.066225 0.068185 0.072000 -0.049872 0.974573 -0.218450 7.257300 -0.080918 0.214060 0.973463 -0.789700 0.000000 0.000000 0.000000 1.000000
0.990605 0.103003 0.089958 0.072000 -0.084676 0.978518 -0.187968 7.257300 -0.107387 0.178585 0.978047 -0.789700 0.000000 0.000000 0.000000 1.000000
0.990095 0.097289 0.101226 0.072000 -0.079492 0.982745 -0.167012 7.257300 -0.115728 0.157311 0.980745 -0.789700 0.000000 0.000000 0.000000 1.000000
0.993155 0.081692 0.083488 0.072000 -0.066416 0.982909 -0.171696 7.257300 -0.096088 0.164976 0.981606 -0.789700 0.000000 0.000000 0.000000 1.000000
0.997473 0.059141 0.039381 0.072000 -0.050156 0.978653 -0.199308 7.257300 -0.050328 0.196829 0.979145 -0.789700 0.000000 0.000000 0.000000 1.000000
0.998754 0.047925 -0.013935 0.072000 -0.049853 0.971221 -0.232903 7.257300 0.002372 0.233307 0.972400 -0.789700 0.000000 0.000000 0.000000 1.000000
0.997403 0.046041 -0.055376 0.072000 -0.058770 0.964784 -0.256395 7.257300 0.041622 0.258983 0.964985 -0.789700 0.000000 0.000000 0.000000 1.000000
0.996595 0.029747 -0.076894 0.072000 -0.049131 0.963231 -0.264146 7.257300 0.066210 0.267024 0.961413 -0.789700 0.000000 0.000000 0.000000 1.000000
0.995512 -0.013931 -0.093601 0.072000 -0.010298 0.967281 -0.253497 7.257300 0.094070 0.253323 0.962797 -0.789700 0.000000 0.000000 0.000000 1.000000
0.990119 -0.073155 -0.119632 0.072000 0.044916 0.973636 -0.223642 7.257300 0.132839 0.216059 0.967302 -0.789700 0.000000 0.000000 0.000000 1.000000
0.980979 -0.110540 -0.159568 0.072000 0.080742 0.979896 -0.182439 7.257300 0.176527 0.166085 0.970182 -0.789700 0.000000 0.000000 0.000000 1.000000
0.974868 -0.114903 -0.190865 0.072000 0.086630 0.984822 -0.150401 7.257300 0.205249 0.130087 0.970026 -0.789700 0.000000 0.000000 0.000000 1.000000
0.976119 -0.103591 -0.190948 0.072000 0.075651 0.986057 -0.148216 7.257300 0.203640 0.130231 0.970346 -0.789700 0.000000 0.000000 0.000000 1.000000
0.983919 -0.085434 -0.156855 0.072000 0.057443 0.982888 -0.175020 7.257300 0.169124 0.163195 0.971990 -0.789700 0.000000 0.000000 0.000000 1.000000
0.991194 -0.072811 -0.110604 0.072000 0.047933 0.975901 -0.212884 7.257300 0.123439 0.205708 0.970797 -0.789700 0.000000 0.000000 0.000000 1.000000
0.995897 -0.067674 -0.060078 0.072000 0.051125 0.968548 -0.243517 7.257300 0.074668 0.239446 0.968034 -0.789700 0.000000 0.000000 0.000000 1.000000
0.998039 -0.060897 -0.014461 0.072000 0.055085 0.964301 -0.259014 7.257300 0.029718 0.257710 0.965765 -0.789700 0.000000 0.000000 0.000000 1.000000
0.998999 -0.038199 0.023280 0.072000 0.042935 0.964851 -0.259266 7.257300 -0.012558 0.260006 0.965525 -0.789700 0.000000 0.000000 0.000000 1.000000</float_array>
        <technique_common>
          <accessor source="#mixamorig_Spine-Matrix-animation-output-transform-array" count="20" stride="16">
            <param type="float4x4"/>
          </accessor>
        </technique_common>
      </source>
      <source id="mixamorig_Spine-Interpolations">
        <Name_array id="mixamorig_Spine-Interpolations-array" count="20">
 LINEAR LINEAR LINEAR LINEAR LINEAR LINEAR LINEAR LINEAR LINEAR LINEAR LINEAR
LINEAR LINEAR LINEAR LINEAR LINEAR LINEAR LINEAR LINEAR LINEAR</Name_array>
        <technique_common>
          <accessor source="#mixamorig_Spine-Interpolations-array" count="20">
            <param type="name"/>
          </accessor>
        </technique_common>
      </source>
      <sampler id="mixamorig_Spine-Matrix-animation-transform">
        <input semantic="INPUT" source="#mixamorig_Spine-Matrix-animation-input"/>
        <input semantic="OUTPUT" source="#mixamorig_Spine-Matrix-animation-output-transform"/>
        <input semantic="INTERPOLATION" source="#mixamorig_Spine-Interpolations"/>
      </sampler>
      <channel source="#mixamorig_Spine-Matrix-animation-transform" target="mixamorig_Spine/matrix"/>
    </animation>
    <animation id="mixamorig_Spine1-anim" name="mixamorig_Spine1">
      <source id="mixamorig_Spine1-Matrix-animation-input">
        <float_array id="mixamorig_Spine1-Matrix-animation-input-array" count="20">

0.000000 0.033333 0.066667 0.100000 0.133333 0.166667 0.200000 0.233333 0.266667 0.300000 0.333333 0.366667 0.400000 0.433333 0.466667 0.500000
0.533333 0.566667 0.600000 0.633333</float_array>
        <technique_common>
          <accessor source="#mixamorig_Spine1-Matrix-animation-input-array" count="20">
            <param name="TIME" type="float"/>
          </accessor>
        </technique_common>
      </source>
      <source id="mixamorig_Spine1-Matrix-animation-output-transform">
        <float_array id="mixamorig_Spine1-Matrix-animation-output-transform-array" count="320">

0.999920 0.006238 -0.010991 0.000000 -0.007623 0.991381 -0.130785 8.558700 0.010080 0.130859 0.991350 0.000000 0.000000 0.000000 0.000000 1.000000
0.999695 0.024644 0.001810 -0.000000 -0.024262 0.992804 -0.117263 8.558700 -0.004687 0.117183 0.993099 0.000000 0.000000 0.000000 0.000000 1.000000
0.999111 0.040503 0.011653 -0.000000 -0.039226 0.994763 -0.094383 8.558700 -0.015415 0.093842 0.995468 0.000000 0.000000 0.000000 0.000000 1.000000
0.998781 0.046821 0.015635 0.000000 -0.045707 0.996818 -0.065306 8.558700 -0.018643 0.064512 0.997743 0.000000 0.000000 0.000000 0.000000 1.000000
0.999112 0.040047 0.013057 0.000000 -0.039428 0.998226 -0.044607 8.558700 -0.014820 0.044053 0.998919 0.000000 0.000000 0.000000 0.000000 1.000000
0.999661 0.025285 0.006148 0.000000 -0.024958 0.998516 -0.048403 8.558700 -0.007363 0.048234 0.998809 0.000000 0.000000 0.000000 0.000000 1.000000
0.999903 0.013742 -0.002095 0.000000 -0.013861 0.997047 -0.075529 8.558700 0.001051 0.075550 0.997141 -0.000000 0.000000 0.000000 0.000000 1.000000
0.999879 0.011944 -0.009941 0.000000 -0.012947 0.994081 -0.107865 8.558700 0.008593 0.107981 0.994116 0.000000 0.000000 0.000000 0.000000 1.000000
0.999747 0.014662 -0.017070 0.000000 -0.016732 0.991598 -0.128269 8.558700 0.015046 0.128522 0.991592 0.000000 0.000000 0.000000 0.000000 1.000000
0.999649 0.010924 -0.024149 0.000000 -0.014003 0.991248 -0.131269 8.558700 0.022504 0.131561 0.991053 0.000000 0.000000 0.000000 0.000000 1.000000
0.999461 -0.004116 -0.032573 0.000000 0.000234 0.992980 -0.118280 8.558700 0.032831 0.118209 0.992446 0.000000 0.000000 0.000000 0.000000 1.000000
0.998774 -0.024333 -0.043099 0.000000 0.020351 0.995685 -0.090536 8.558700 0.045116 0.089548 0.994960 0.000000 0.000000 0.000000 0.000000 1.000000
0.997802 -0.038383 -0.054013 0.000000 0.035491 0.997936 -0.053523 8.558700 0.055955 0.051488 0.997105 0.000000 0.000000 0.000000 0.000000 1.000000
0.997323 -0.039417 -0.061590 -0.000000 0.037937 0.998967 -0.025013 8.558700 0.062513 0.022610 0.997788 0.000000 0.000000 0.000000 0.000000 1.000000
0.997547 -0.030455 -0.063032 -0.000000 0.028968 0.999283 -0.024363 8.558700 0.063729 0.022477 0.997714 0.000000 0.000000 0.000000 0.000000 1.000000
0.998075 -0.020962 -0.058376 0.000000 0.017932 0.998488 -0.051960 8.558700 0.059377 0.050813 0.996942 0.000000 0.000000 0.000000 0.000000 1.000000
0.998637 -0.016975 -0.049357 0.000000 0.012482 0.995868 -0.089956 8.558700 0.050680 0.089217 0.994722 0.000000 0.000000 0.000000 0.000000 1.000000
0.999174 -0.015340 -0.037624 0.000000 0.010730 0.992742 -0.119787 8.558700 0.039188 0.119285 0.992086 0.000000 0.000000 0.000000 0.000000 1.000000
0.999661 -0.008915 -0.024465 0.000000 0.005577 0.991066 -0.133259 8.558700 0.025434 0.133078 0.990779 0.000000 0.000000 0.000000 0.000000 1.000000
0.999920 0.006238 -0.010991 0.000000 -0.007623 0.991381 -0.130785 8.558700 0.010080 0.130859 0.991350 0.000000 0.000000 0.000000 0.000000 1.000000</float_array>
        <technique_common>
          <accessor source="#mixamorig_Spine1-Matrix-animation-output-transform-array" count="20" stride="16">
            <param type="float4x4"/>
          </accessor>
        </technique_common>
      </source>
      <source id="mixamorig_Spine1-Interpolations">
        <Name_array id="mixamorig_Spine1-Interpolations-array" count="20">
 LINEAR LINEAR LINEAR LINEAR LINEAR LINEAR LINEAR LINEAR LINEAR LINEAR LINEAR
LINEAR LINEAR LINEAR LINEAR LINEAR LINEAR LINEAR LINEAR LINEAR</Name_array>
        <technique_common>
          <accessor source="#mixamorig_Spine1-Interpolations-array" count="20">
            <param type="name"/>
          </accessor>
        </technique_common>
      </source>
      <sampler id="mixamorig_Spine1-Matrix-animation-transform">
        <input semantic="INPUT" source="#mixamorig_Spine1-Matrix-animation-input"/>
        <input semantic="OUTPUT" source="#mixamorig_Spine1-Matrix-animation-output-transform"/>
        <input semantic="INTERPOLATION" source="#mixamorig_Spine1-Interpolations"/>
      </sampler>
      <channel source="#mixamorig_Spine1-Matrix-animation-transform" target="mixamorig_Spine1/matrix"/>
    </animation>
    <animation id="mixamorig_Spine2-anim" name="mixamorig_Spine2">
      <source id="mixamorig_Spine2-Matrix-animation-input">
        <float_array id="mixamorig_Spine2-Matrix-animation-input-array" count="20">

0.000000 0.033333 0.066667 0.100000 0.133333 0.166667 0.200000 0.233333 0.266667 0.300000 0.333333 0.366667 0.400000 0.433333 0.466667 0.500000
0.533333 0.566667 0.600000 0.633333</float_array>
        <technique_common>
          <accessor source="#mixamorig_Spine2-Matrix-animation-input-array" count="20">
            <param name="TIME" type="float"/>
          </accessor>
        </technique_common>
      </source>
      <source id="mixamorig_Spine2-Matrix-animation-output-transform">
        <float_array id="mixamorig_Spine2-Matrix-animation-output-transform-array" count="320">

0.999835 -0.000837 -0.018141 -0.000000 -0.005685 0.934306 -0.356426 29.149500 0.017248 0.356471 0.934147 1.721100 0.000000 0.000000 0.000000 1.000000
0.999772 0.019933 -0.007647 -0.000000 -0.021347 0.938778 -0.343862 29.149500 0.000325 0.343947 0.938989 1.721100 0.000000 0.000000 0.000000 1.000000
0.999287 0.037753 -0.000734 -0.000000 -0.035976 0.945981 -0.322221 29.149500 -0.011470 0.322018 0.946664 1.721100 0.000000 0.000000 0.000000 1.000000
0.998982 0.045083 0.001412 -0.000000 -0.042669 0.954717 -0.294439 29.149500 -0.014622 0.294079 0.955669 1.721100 0.000000 0.000000 0.000000 1.000000
0.999274 0.038091 -0.000256 0.000000 -0.036697 0.960867 -0.274568 29.149500 -0.010213 0.274378 0.961568 1.721100 0.000000 0.000000 0.000000 1.000000
0.999748 0.022118 -0.003879 -0.000000 -0.022324 0.960254 -0.278233 29.149500 -0.002429 0.278249 0.960506 1.721100 0.000000 0.000000 0.000000 1.000000
0.999919 0.008893 -0.009143 -0.000000 -0.011253 0.952552 -0.304168 29.149500 0.006005 0.304246 0.952574 1.721100 0.000000 0.000000 0.000000 1.000000
0.999849 0.005350 -0.016517 -0.000000 -0.010573 0.942221 -0.334824 29.149500 0.013771 0.334948 0.942136 1.721100 0.000000 0.000000 0.000000 1.000000
0.999665 0.006415 -0.025086 -0.000000 -0.014882 0.935160 -0.353913 29.149500 0.021189 0.354168 0.934942 1.721100 0.000000 0.000000 0.000000 1.000000
0.999461 0.001107 -0.032813 0.000000 -0.012738 0.934218 -0.356475 29.149500 0.030260 0.356701 0.933729 1.721100 0.000000 0.000000 0.000000 1.000000
0.999134 -0.015554 -0.038583 0.000000 0.001331 0.938952 -0.344045 29.149500 0.041578 0.343695 0.938160 1.721100 0.000000 0.000000 0.000000 1.000000
0.998358 -0.037746 -0.043091 0.000000 0.022127 0.947932 -0.317703 29.149500 0.052839 0.316228 0.947211 1.721100 0.000000 0.000000 0.000000 1.000000
0.997391 -0.054198 -0.047694 0.000000 0.038583 0.958527 -0.282379 29.149500 0.061020 0.279802 0.958117 1.721100 0.000000 0.000000 0.000000 1.000000
0.996964 -0.057309 -0.052706 0.000000 0.042048 0.966022 -0.255018 29.149500 0.065530 0.252028 0.965499 1.721100 0.000000 0.000000 0.000000 1.000000
0.997195 -0.048934 -0.056633 0.000000 0.032984 0.966544 -0.254372 29.149500 0.067186 0.251791 0.965447 1.721100 0.000000 0.000000 0.000000 1.000000
0.997648 -0.038176 -0.056927 0.000000 0.020700 0.959563 -0.280733 29.149500 0.065342 0.278894 0.958096 1.721100 0.000000 0.000000 0.000000 1.000000
0.998145 -0.031759 -0.051939 -0.000000 0.013684 0.948357 -0.316911 29.149500 0.059322 0.315612 0.947032 1.721100 0.000000 0.000000 0.000000 1.000000
0.998730 -0.027411 -0.042264 0.000000 0.011140 0.938399 -0.345373 29.149500 0.049127 0.344464 0.937513 1.721100 0.000000 0.000000 0.000000 1.000000
0.999374 -0.018410 -0.030195 0.000000 0.006367 0.933530 -0.358444 29.149500 0.034787 0.358027 0.933063 1.721100 0.000000 0.000000 0.000000 1.000000
0.999835 -0.000837 -0.018141 0.000000 -0.005685 0.934306 -0.356427 29.149500 0.017248 0.356471 0.934147 1.721100 0.000000 0.000000 0.000000 1.000000</float_array>
        <technique_common>
          <accessor source="#mixamorig_Spine2-Matrix-animation-output-transform-array" count="20" stride="16">
            <param type="float4x4"/>
          </accessor>
        </technique_common>
      </source>
      <source id="mixamorig_Spine2-Interpolations">
        <Name_array id="mixamorig_Spine2-Interpolations-array" count="20">
 LINEAR LINEAR LINEAR LINEAR LINEAR LINEAR LINEAR LINEAR LINEAR LINEAR LINEAR
LINEAR LINEAR LINEAR LINEAR LINEAR LINEAR LINEAR LINEAR LINEAR</Name_array>
        <technique_common>
          <accessor source="#mixamorig_Spine2-Interpolations-array" count="20">
            <param type="name"/>
          </accessor>
        </technique_common>
      </source>
      <sampler id="mixamorig_Spine2-Matrix-animation-transform">
        <input semantic="INPUT" source="#mixamorig_Spine2-Matrix-animation-input"/>
        <input semantic="OUTPUT" source="#mixamorig_Spine2-Matrix-animation-output-transform"/>
        <input semantic="INTERPOLATION" source="#mixamorig_Spine2-Interpolations"/>
      </sampler>
      <channel source="#mixamorig_Spine2-Matrix-animation-transform" target="mixamorig_Spine2/matrix"/>
    </animation>
    <animation id="mixamorig_Neck-anim" name="mixamorig_Neck">
      <source id="mixamorig_Neck-Matrix-animation-input">
        <float_array id="mixamorig_Neck-Matrix-animation-input-array" count="20">

0.000000 0.033333 0.066667 0.100000 0.133333 0.166667 0.200000 0.233333 0.266667 0.300000 0.333333 0.366667 0.400000 0.433333 0.466667 0.500000
0.533333 0.566667 0.600000 0.633333</float_array>
        <technique_common>
          <accessor source="#mixamorig_Neck-Matrix-animation-input-array" count="20">
            <param name="TIME" type="float"/>
          </accessor>
        </technique_common>
      </source>
      <source id="mixamorig_Neck-Matrix-animation-output-transform">
        <float_array id="mixamorig_Neck-Matrix-animation-output-transform-array" count="320">

0.994673 -0.096132 -0.037197 0.000000 0.102291 0.876075 0.471200 13.857900 -0.012710 -0.472495 0.881242 7.405300 0.000000 0.000000 0.000000 1.000000
0.990861 -0.115662 -0.069402 0.000000 0.134409 0.889879 0.435946 13.857900 0.011337 -0.441291 0.897293 7.405300 0.000000 0.000000 0.000000 1.000000
0.983987 -0.147080 -0.100680 -0.000000 0.173885 0.916222 0.360972 13.857900 0.039153 -0.372699 0.927126 7.405300 0.000000 0.000000 0.000000 1.000000
0.975839 -0.180725 -0.122791 -0.000000 0.207463 0.942713 0.261251 13.857900 0.068542 -0.280413 0.957429 7.405300 0.000000 0.000000 0.000000 1.000000
0.971214 -0.199927 -0.129512 0.000000 0.221600 0.957755 0.183302 13.857900 0.087393 -0.206725 0.974488 7.405300 0.000000 0.000000 0.000000 1.000000
0.973280 -0.195340 -0.120697 0.000000 0.214372 0.961350 0.172776 13.857900 0.082282 -0.194034 0.977538 7.405300 0.000000 0.000000 0.000000 1.000000
0.978940 -0.176524 -0.102542 -0.000000 0.195955 0.953375 0.229517 13.857900 0.057245 -0.244777 0.967888 7.405300 0.000000 0.000000 0.000000 1.000000
0.983467 -0.160465 -0.083926 -0.000000 0.178985 0.931774 0.315850 13.857900 0.027517 -0.325650 0.945090 7.405300 0.000000 0.000000 0.000000 1.000000
0.985926 -0.152495 -0.068524 -0.000000 0.167170 0.904517 0.392304 13.857900 0.002157 -0.398238 0.917280 7.405300 0.000000 0.000000 0.000000 1.000000
0.988241 -0.144159 -0.050972 0.000000 0.151937 0.888370 0.433260 13.857900 -0.017176 -0.435910 0.899826 7.405300 0.000000 0.000000 0.000000 1.000000
0.991858 -0.124974 -0.024480 0.000000 0.123471 0.896647 0.425182 13.857900 -0.031187 -0.424742 0.904777 7.405300 0.000000 0.000000 0.000000 1.000000
0.995652 -0.092704 0.009126 -0.000000 0.082880 0.926317 0.367516 13.857900 -0.042523 -0.365162 0.929972 7.405300 0.000000 0.000000 0.000000 1.000000
0.997616 -0.056761 0.039262 0.000000 0.043335 0.957916 0.283759 13.857900 -0.053716 -0.281381 0.958091 7.405300 0.000000 0.000000 0.000000 1.000000
0.997906 -0.033675 0.055223 0.000000 0.020555 0.974629 0.222882 13.857900 -0.061327 -0.221280 0.973280 7.405300 0.000000 0.000000 0.000000 1.000000
0.997992 -0.033721 0.053611 0.000000 0.020971 0.974668 0.222672 13.857900 -0.059762 -0.221101 0.973418 7.405300 0.000000 0.000000 0.000000 1.000000
0.997944 -0.050737 0.039150 -0.000000 0.038011 0.960460 0.275811 13.857900 -0.051596 -0.273756 0.960414 7.405300 0.000000 0.000000 0.000000 1.000000
0.997342 -0.070009 0.020198 -0.000000 0.058582 0.935260 0.349079 13.857900 -0.043329 -0.346968 0.936876 7.405300 0.000000 0.000000 0.000000 1.000000
0.996553 -0.082934 0.002126 0.000000 0.074587 0.906887 0.414719 13.857900 -0.036322 -0.413131 0.909947 7.405300 0.000000 0.000000 0.000000 1.000000
0.995797 -0.090228 -0.015729 0.000000 0.087405 0.884882 0.457542 13.857900 -0.027365 -0.456994 0.889049 7.405300 0.000000 0.000000 0.000000 1.000000
0.994673 -0.096132 -0.037197 -0.000000 0.102291 0.876075 0.471200 13.857900 -0.012710 -0.472495 0.881242 7.405300 0.000000 0.000000 0.000000 1.000000</float_array>
        <technique_common>
          <accessor source="#mixamorig_Neck-Matrix-animation-output-transform-array" count="20" stride="16">
            <param type="float4x4"/>
          </accessor>
        </technique_common>
      </source>
      <source id="mixamorig_Neck-Interpolations">
        <Name_array id="mixamorig_Neck-Interpolations-array" count="20">
 LINEAR LINEAR LINEAR LINEAR LINEAR LINEAR LINEAR LINEAR LINEAR LINEAR LINEAR
LINEAR LINEAR LINEAR LINEAR LINEAR LINEAR LINEAR LINEAR LINEAR</Name_array>
        <technique_common>
          <accessor source="#mixamorig_Neck-Interpolations-array" count="20">
            <param type="name"/>
          </accessor>
        </technique_common>
      </source>
      <sampler id="mixamorig_Neck-Matrix-animation-transform">
        <input semantic="INPUT" source="#mixamorig_Neck-Matrix-animation-input"/>
        <input semantic="OUTPUT" source="#mixamorig_Neck-Matrix-animation-output-transform"/>
        <input semantic="INTERPOLATION" source="#mixamorig_Neck-Interpolations"/>
      </sampler>
      <channel source="#mixamorig_Neck-Matrix-animation-transform" target="mixamorig_Neck/matrix"/>
    </animation>
    <animation id="mixamorig_Head-anim" name="mixamorig_Head">
      <source id="mixamorig_Head-Matrix-animation-input">
        <float_array id="mixamorig_Head-Matrix-animation-input-array" count="20">

0.000000 0.033333 0.066667 0.100000 0.133333 0.166667 0.200000 0.233333 0.266667 0.300000 0.333333 0.366667 0.400000 0.433333 0.466667 0.500000
0.533333 0.566667 0.600000 0.633333</float_array>
        <technique_common>
          <accessor source="#mixamorig_Head-Matrix-animation-input-array" count="20">
            <param name="TIME" type="float"/>
          </accessor>
        </technique_common>
      </source>
      <source id="mixamorig_Head-Matrix-animation-output-transform">
        <float_array id="mixamorig_Head-Matrix-animation-output-transform-array" count="320">

0.999998 0.002015 0.000528 0.000000 -0.001745 0.671800 0.740731 8.198500 0.001138 -0.740730 0.671802 5.703100 0.000000 0.000000 0.000000 1.000000
0.999330 -0.005984 -0.036095 -0.000000 0.030557 0.679092 0.733417 8.198500 0.020123 -0.734029 0.678820 5.703100 0.000000 0.000000 0.000000 1.000000
0.997694 -0.008861 -0.067288 0.000000 0.055074 0.685081 0.726382 8.198500 0.039661 -0.728413 0.683989 5.703100 0.000000 0.000000 0.000000 1.000000
0.996423 -0.004242 -0.084401 0.000000 0.063801 0.692684 0.718413 8.198500 0.055416 -0.721228 0.690477 5.703100 0.000000 0.000000 0.000000 1.000000
0.996601 0.004882 -0.082232 -0.000000 0.055327 0.699914 0.712081 8.198500 0.061032 -0.714210 0.697265 5.703100 0.000000 0.000000 0.000000 1.000000
0.997888 0.010069 -0.064171 0.000000 0.038662 0.701794 0.711330 8.198500 0.052198 -0.712309 0.699922 5.703100 0.000000 0.000000 0.000000 1.000000
0.999158 0.006240 -0.040556 -0.000000 0.024692 0.697976 0.715696 8.198500 0.032773 -0.716094 0.697234 5.703100 0.000000 0.000000 0.000000 1.000000
0.999784 -0.001648 -0.020718 -0.000000 0.016072 0.693341 0.720431 8.198500 0.013177 -0.720608 0.693218 5.703100 0.000000 0.000000 0.000000 1.000000
0.999975 -0.004421 -0.005573 -0.000000 0.007083 0.691078 0.722745 8.198500 0.000656 -0.722766 0.691092 5.703100 0.000000 0.000000 0.000000 1.000000
0.999926 0.000937 0.012157 0.000000 -0.009454 0.689168 0.724540 8.198500 -0.007700 -0.724601 0.689126 5.703100 0.000000 0.000000 0.000000 1.000000
0.999159 0.010550 0.039617 0.000000 -0.036048 0.686357 0.726371 8.198500 -0.019528 -0.727188 0.686160 5.703100 0.000000 0.000000 0.000000 1.000000
0.997033 0.020304 0.074251 0.000000 -0.067749 0.689390 0.721216 8.198500 -0.036544 -0.724106 0.688720 5.703100 0.000000 0.000000 0.000000 1.000000
0.994298 0.027776 0.102952 0.000000 -0.092477 0.705309 0.702843 8.198500 -0.053091 -0.708356 0.703856 5.703100 0.000000 0.000000 0.000000 1.000000
0.993202 0.029923 0.112491 0.000000 -0.098972 0.725765 0.680786 8.198500 -0.061270 -0.687292 0.723793 5.703100 0.000000 0.000000 0.000000 1.000000
0.994535 0.025767 0.101174 0.000000 -0.087582 0.733395 0.674137 8.198500 -0.056830 -0.679314 0.731644 5.703100 0.000000 0.000000 0.000000 1.000000
0.996623 0.019641 0.079725 0.000000 -0.069255 0.722691 0.687693 8.198500 -0.044109 -0.690892 0.721611 5.703100 0.000000 0.000000 0.000000 1.000000
0.998055 0.015898 0.060278 0.000000 -0.054025 0.703024 0.709112 8.198500 -0.031103 -0.710989 0.702515 5.703100 0.000000 0.000000 0.000000 1.000000
0.998891 0.013393 0.045148 0.000000 -0.042038 0.685722 0.726649 8.198500 -0.021227 -0.727741 0.685524 5.703100 0.000000 0.000000 0.000000 1.000000
0.999578 0.008942 0.027637 0.000000 -0.026419 0.675371 0.737005 8.198500 -0.012074 -0.737424 0.675322 5.703100 0.000000 0.000000 0.000000 1.000000
0.999998 0.002015 0.000528 0.000000 -0.001745 0.671800 0.740731 8.198500 0.001138 -0.740730 0.671802 5.703100 0.000000 0.000000 0.000000 1.000000</float_array>
        <technique_common>
          <accessor source="#mixamorig_Head-Matrix-animation-output-transform-array" count="20" stride="16">
            <param type="float4x4"/>
          </accessor>
        </technique_common>
      </source>
      <source id="mixamorig_Head-Interpolations">
        <Name_array id="mixamorig_Head-Interpolations-array" count="20">
 LINEAR LINEAR LINEAR LINEAR LINEAR LINEAR LINEAR LINEAR LINEAR LINEAR LINEAR
LINEAR LINEAR LINEAR LINEAR LINEAR LINEAR LINEAR LINEAR LINEAR</Name_array>
        <technique_common>
          <accessor source="#mixamorig_Head-Interpolations-array" count="20">
            <param type="name"/>
          </accessor>
        </technique_common>
      </source>
      <sampler id="mixamorig_Head-Matrix-animation-transform">
        <input semantic="INPUT" source="#mixamorig_Head-Matrix-animation-input"/>
        <input semantic="OUTPUT" source="#mixamorig_Head-Matrix-animation-output-transform"/>
        <input semantic="INTERPOLATION" source="#mixamorig_Head-Interpolations"/>
      </sampler>
      <channel source="#mixamorig_Head-Matrix-animation-transform" target="mixamorig_Head/matrix"/>
    </animation>
    <animation id="mixamorig_LeftShoulder-anim" name="mixamorig_LeftShoulder">
      <source id="mixamorig_LeftShoulder-Matrix-animation-input">
        <float_array id="mixamorig_LeftShoulder-Matrix-animation-input-array" count="20">

0.000000 0.033333 0.066667 0.100000 0.133333 0.166667 0.200000 0.233333 0.266667 0.300000 0.333333 0.366667 0.400000 0.433333 0.466667 0.500000
0.533333 0.566667 0.600000 0.633333</float_array>
        <technique_common>
          <accessor source="#mixamorig_LeftShoulder-Matrix-animation-input-array" count="20">
            <param name="TIME" type="float"/>
          </accessor>
        </technique_common>
      </source>
      <source id="mixamorig_LeftShoulder-Matrix-animation-output-transform">
        <float_array id="mixamorig_LeftShoulder-Matrix-animation-output-transform-array" count="320">

-0.078786 0.965095 -0.249768 12.584900 0.008214 -0.249910 -0.968234 11.395200 -0.996858 -0.078335 0.011762 -1.453100 0.000000 0.000000 0.000000 1.000000
-0.077412 0.967240 -0.241774 12.584900 0.007262 -0.241948 -0.970262 11.395200 -0.996973 -0.076866 0.011706 -1.453100 0.000000 0.000000 0.000000 1.000000
-0.071284 0.968914 -0.236907 12.584900 0.006701 -0.237041 -0.971477 11.395200 -0.997434 -0.070838 0.010405 -1.453100 0.000000 0.000000 0.000000 1.000000
-0.062113 0.968929 -0.239414 12.584900 0.007018 -0.239448 -0.970884 11.395200 -0.998044 -0.061985 0.008073 -1.453100 0.000000 0.000000 0.000000 1.000000
-0.054112 0.967330 -0.247677 12.584900 0.007887 -0.247619 -0.968825 11.395200 -0.998504 -0.054378 0.005770 -1.453100 0.000000 0.000000 0.000000 1.000000
-0.052021 0.965884 -0.253698 12.584900 0.008491 -0.253605 -0.967271 11.395200 -0.998610 -0.052472 0.004992 -1.453100 0.000000 0.000000 0.000000 1.000000
-0.056850 0.966148 -0.251647 12.584900 0.008325 -0.251587 -0.967799 11.395200 -0.998348 -0.057114 0.006260 -1.453100 0.000000 0.000000 0.000000 1.000000
-0.064256 0.967414 -0.244912 12.584900 0.007618 -0.244936 -0.969509 11.395200 -0.997904 -0.064163 0.008369 -1.453100 0.000000 0.000000 0.000000 1.000000
-0.068274 0.967969 -0.241607 12.584900 0.007233 -0.241685 -0.970328 11.395200 -0.997640 -0.067995 0.009499 -1.453100 0.000000 0.000000 0.000000 1.000000
-0.067351 0.967290 -0.244569 12.584900 0.007585 -0.244622 -0.969589 11.395200 -0.997701 -0.067158 0.009138 -1.453100 0.000000 0.000000 0.000000 1.000000
-0.066238 0.965913 -0.250250 12.584900 0.008236 -0.250263 -0.968143 11.395200 -0.997770 -0.066189 0.008622 -1.453100 0.000000 0.000000 0.000000 1.000000
-0.070762 0.964008 -0.256284 12.584900 0.008925 -0.256306 -0.966554 11.395200 -0.997453 -0.070683 0.009533 -1.453100 0.000000 0.000000 0.000000 1.000000
-0.080292 0.961195 -0.263926 12.584900 0.009889 -0.263999 -0.964472 11.395200 -0.996722 -0.080049 0.011692 -1.453100 0.000000 0.000000 0.000000 1.000000
-0.086899 0.958273 -0.272327 12.584900 0.011038 -0.272418 -0.962116 11.395200 -0.996156 -0.086613 0.013095 -1.453100 0.000000 0.000000 0.000000 1.000000
-0.083865 0.957448 -0.276153 12.584900 0.011472 -0.276183 -0.961037 11.395200 -0.996411 -0.083766 0.012178 -1.453100 0.000000 0.000000 0.000000 1.000000
-0.074170 0.959487 -0.271816 12.584900 0.010772 -0.271780 -0.962299 11.395200 -0.997187 -0.074302 0.009823 -1.453100 0.000000 0.000000 0.000000 1.000000
-0.067666 0.962491 -0.262741 12.584900 0.009674 -0.262699 -0.964829 11.395200 -0.997661 -0.067828 0.008464 -1.453100 0.000000 0.000000 0.000000 1.000000
-0.069673 0.964352 -0.255286 12.584900 0.008855 -0.255300 -0.966821 11.395200 -0.997531 -0.069622 0.009248 -1.453100 0.000000 0.000000 0.000000 1.000000
-0.075941 0.964827 -0.251677 12.584900 0.008438 -0.251775 -0.967749 11.395200 -0.997077 -0.075615 0.010978 -1.453100 0.000000 0.000000 0.000000 1.000000
-0.078786 0.965095 -0.249769 12.584900 0.008214 -0.249910 -0.968234 11.395200 -0.996858 -0.078335 0.011762 -1.453100 0.000000 0.000000 0.000000 1.000000</float_array>
        <technique_common>
          <accessor source="#mixamorig_LeftShoulder-Matrix-animation-output-transform-array" count="20" stride="16">
            <param type="float4x4"/>
          </accessor>
        </technique_common>
      </source>
      <source id="mixamorig_LeftShoulder-Interpolations">
        <Name_array id="mixamorig_LeftShoulder-Interpolations-array" count="20">
 LINEAR LINEAR LINEAR LINEAR LINEAR LINEAR LINEAR LINEAR LINEAR LINEAR LINEAR
LINEAR LINEAR LINEAR LINEAR LINEAR LINEAR LINEAR LINEAR LINEAR</Name_array>
        <technique_common>
          <accessor source="#mixamorig_LeftShoulder-Interpolations-array" count="20">
            <param type="name"/>
          </accessor>
        </technique_common>
      </source>
      <sampler id="mixamorig_LeftShoulder-Matrix-animation-transform">
        <input semantic="INPUT" source="#mixamorig_LeftShoulder-Matrix-animation-input"/>
        <input semantic="OUTPUT" source="#mixamorig_LeftShoulder-Matrix-animation-output-transform"/>
        <input semantic="INTERPOLATION" source="#mixamorig_LeftShoulder-Interpolations"/>
      </sampler>
      <channel source="#mixamorig_LeftShoulder-Matrix-animation-transform" target="mixamorig_LeftShoulder/matrix"/>
    </animation>
    <animation id="mixamorig_LeftArm-anim" name="mixamorig_LeftArm">
      <source id="mixamorig_LeftArm-Matrix-animation-input">
        <float_array id="mixamorig_LeftArm-Matrix-animation-input-array" count="20">

0.000000 0.033333 0.066667 0.100000 0.133333 0.166667 0.200000 0.233333 0.266667 0.300000 0.333333 0.366667 0.400000 0.433333 0.466667 0.500000
0.533333 0.566667 0.600000 0.633333</float_array>
        <technique_common>
          <accessor source="#mixamorig_LeftArm-Matrix-animation-input-array" count="20">
            <param name="TIME" type="float"/>
          </accessor>
        </technique_common>
      </source>
      <source id="mixamorig_LeftArm-Matrix-animation-output-transform">
        <float_array id="mixamorig_LeftArm-Matrix-animation-output-transform-array" count="320">

0.812363 -0.014592 0.582970 0.000000 0.375894 0.777392 -0.504347 15.319300 -0.445837 0.628847 0.637009 0.000000 0.000000 0.000000 0.000000 1.000000
0.810815 0.037127 0.584124 -0.000000 0.342722 0.778891 -0.525234 15.319300 -0.474469 0.626059 0.618812 -0.000000 0.000000 0.000000 0.000000 1.000000
0.801253 0.099003 0.590078 0.000000 0.295771 0.791753 -0.534460 15.319300 -0.520109 0.602766 0.605112 -0.000000 0.000000 0.000000 0.000000 1.000000
0.785575 0.165328 0.596270 0.000000 0.243233 0.803559 -0.543259 15.319300 -0.568954 0.571804 0.591043 -0.000000 0.000000 0.000000 0.000000 1.000000
0.777670 0.207139 0.593568 0.000000 0.211090 0.803311 -0.556895 15.319300 -0.592175 0.558377 0.580985 -0.000000 0.000000 0.000000 0.000000 1.000000
0.789466 0.195570 0.581804 0.000000 0.221516 0.793218 -0.567218 15.319300 -0.572428 0.576678 0.582897 0.000000 0.000000 0.000000 0.000000 1.000000
0.806081 0.140509 0.574883 0.000000 0.267312 0.780219 -0.565511 15.319300 -0.527994 0.609521 0.591360 0.000000 0.000000 0.000000 0.000000 1.000000
0.806937 0.072890 0.586123 -0.000000 0.323226 0.776076 -0.541508 15.319300 -0.494346 0.626413 0.602684 0.000000 0.000000 0.000000 0.000000 1.000000
0.794392 0.008820 0.607341 0.000000 0.370139 0.785768 -0.495546 15.319300 -0.481600 0.618458 0.620943 0.000000 0.000000 0.000000 0.000000 1.000000
0.785699 -0.036824 0.617512 0.000000 0.399207 0.792731 -0.460664 15.319300 -0.472557 0.608459 0.637548 0.000000 0.000000 0.000000 0.000000 1.000000
0.790840 -0.038572 0.610806 0.000000 0.405189 0.780967 -0.475301 15.319300 -0.458686 0.623380 0.633249 0.000000 0.000000 0.000000 0.000000 1.000000
0.803726 0.011243 0.594893 0.000000 0.386512 0.750274 -0.536374 15.319300 -0.452363 0.661031 0.598670 0.000000 0.000000 0.000000 0.000000 1.000000
0.812767 0.082806 0.576674 0.000000 0.355962 0.713008 -0.604078 15.319300 -0.461194 0.696249 0.550034 0.000000 0.000000 0.000000 0.000000 1.000000
0.813020 0.139137 0.565367 -0.000000 0.328264 0.692444 -0.642467 15.319300 -0.480876 0.707928 0.517297 0.000000 0.000000 0.000000 0.000000 1.000000
0.807455 0.161662 0.567346 0.000000 0.309820 0.702205 -0.641030 15.319300 -0.502023 0.693378 0.516913 0.000000 0.000000 0.000000 0.000000 1.000000
0.803563 0.144771 0.577345 0.000000 0.307532 0.729492 -0.610954 15.319300 -0.509617 0.668492 0.541672 0.000000 0.000000 0.000000 0.000000 1.000000
0.804008 0.102012 0.585802 -0.000000 0.322684 0.752636 -0.573946 15.319300 -0.499446 0.650486 0.572208 0.000000 0.000000 0.000000 0.000000 1.000000
0.806673 0.053164 0.588601 0.000000 0.345922 0.765042 -0.543184 15.319300 -0.479183 0.641782 0.598749 0.000000 0.000000 0.000000 0.000000 1.000000
0.809939 0.011088 0.586409 -0.000000 0.366220 0.771403 -0.520404 15.319300 -0.458128 0.636250 0.620729 0.000000 0.000000 0.000000 0.000000 1.000000
0.812363 -0.014592 0.582970 0.000000 0.375894 0.777392 -0.504347 15.319300 -0.445837 0.628847 0.637009 0.000000 0.000000 0.000000 0.000000 1.000000</float_array>
        <technique_common>
          <accessor source="#mixamorig_LeftArm-Matrix-animation-output-transform-array" count="20" stride="16">
            <param type="float4x4"/>
          </accessor>
        </technique_common>
      </source>
      <source id="mixamorig_LeftArm-Interpolations">
        <Name_array id="mixamorig_LeftArm-Interpolations-array" count="20">
 LINEAR LINEAR LINEAR LINEAR LINEAR LINEAR LINEAR LINEAR LINEAR LINEAR LINEAR
LINEAR LINEAR LINEAR LINEAR LINEAR LINEAR LINEAR LINEAR LINEAR</Name_array>
        <technique_common>
          <accessor source="#mixamorig_LeftArm-Interpolations-array" count="20">
            <param type="name"/>
          </accessor>
        </technique_common>
      </source>
      <sampler id="mixamorig_LeftArm-Matrix-animation-transform">
