<?xml version="1.0" encoding="utf-8"?>
<COLLADA xmlns="http://www.collada.org/2005/11/COLLADASchema" version="1.4.1">
  <asset>
    <contributor>
      <author>Mixamo</author>
      <authoring_tool>COLLADA Mixamo exporter</authoring_tool>
      <comments/>
    </contributor>
    <created>2024-04-15T06:23:27Z</created>
    <modified>2024-04-15T06:23:27Z</modified>
    <revision/>
    <title/>
    <unit meter="0.010000"/>
    <up_axis>Y_UP</up_axis>
  </asset>
  <library_animations>
    <animation id="mixamorig_Hips-anim" name="mixamorig_Hips">
      <source id="mixamorig_Hips-Matrix-animation-input">
        <float_array id="mixamorig_Hips-Matrix-animation-input-array" count="299">

0.000000 0.033333 0.066667 0.100000 0.133333 0.166667 0.200000 0.233333 0.266667 0.300000 0.333333 0.366667 0.400000 0.433333 0.466667 0.500000
0.533333 0.566667 0.600000 0.633333 0.666667 0.700000 0.733333 0.766667 0.800000 0.833333 0.866667 0.900000 0.933333 0.966667 1.000000 1.033333
1.066667 1.100000 1.133333 1.166667 1.200000 1.233333 1.266667 1.300000 1.333333 1.366667 1.400000 1.433333 1.466667 1.500000 1.533333 1.566667
1.600000 1.633333 1.666667 1.700000 1.733333 1.766667 1.800000 1.833333 1.866667 1.900000 1.933333 1.966667 2.000000 2.033333 2.066667 2.100000
2.133333 2.166667 2.200000 2.233333 2.266667 2.300000 2.333333 2.366667 2.400000 2.433333 2.466667 2.500000 2.533333 2.566667 2.600000 2.633333
2.666667 2.700000 2.733333 2.766667 2.800000 2.833333 2.866667 2.900000 2.933333 2.966667 3.000000 3.033333 3.066667 3.100000 3.133333 3.166667
3.200000 3.233333 3.266667 3.300000 3.333333 3.366667 3.400000 3.433333 3.466667 3.500000 3.533333 3.566667 3.600000 3.633333 3.666667 3.700000
3.733333 3.766667 3.800000 3.833333 3.866667 3.900000 3.933333 3.966667 4.000000 4.033333 4.066667 4.100000 4.133333 4.166667 4.200000 4.233333
4.266667 4.300000 4.333333 4.366667 4.400000 4.433333 4.466667 4.500000 4.533333 4.566667 4.600000 4.633333 4.666667 4.700000 4.733333 4.766667
4.800000 4.833333 4.866667 4.900000 4.933333 4.966667 5.000000 5.033333 5.066667 5.100000 5.133333 5.166667 5.200000 5.233333 5.266667 5.300000
5.333333 5.366667 5.400000 5.433333 5.466667 5.500000 5.533333 5.566667 5.600000 5.633333 5.666667 5.700000 5.733333 5.766667 5.800000 5.833333
5.866667 5.900000 5.933333 5.966667 6.000000 6.033333 6.066667 6.100000 6.133333 6.166667 6.200000 6.233333 6.266667 6.300000 6.333333 6.366667
6.400000 6.433333 6.466667 6.500000 6.533333 6.566667 6.600000 6.633333 6.666667 6.700000 6.733333 6.766667 6.800000 6.833333 6.866667 6.900000
6.933333 6.966667 7.000000 7.033333 7.066667 7.100000 7.133333 7.166667 7.200000 7.233333 7.266667 7.300000 7.333333 7.366667 7.400000 7.433333
7.466667 7.500000 7.533333 7.566667 7.600000 7.633333 7.666667 7.700000 7.733333 7.766667 7.800000 7.833333 7.866667 7.900000 7.933333 7.966667
8.000000 8.033333 8.066667 8.100000 8.133333 8.166667 8.200000 8.233333 8.266667 8.300000 8.333333 8.366667 8.400000 8.433333 8.466667 8.500000
8.533333 8.566667 8.600000 8.633333 8.666667 8.700000 8.733333 8.766667 8.800000 8.833333 8.866667 8.900000 8.933333 8.966667 9.000000 9.033333
9.066667 9.100000 9.133333 9.166667 9.200000 9.233333 9.266667 9.300000 9.333333 9.366667 9.400000 9.433333 9.466667 9.500000 9.533333 9.566667
9.600000 9.633333 9.666667 9.700000 9.733333 9.766667 9.800000 9.833333 9.866667 9.900000 9.933333</float_array>
        <technique_common>
          <accessor source="#mixamorig_Hips-Matrix-animation-input-array" count="299">
            <param name="TIME" type="float"/>
          </accessor>
        </technique_common>
      </source>
      <source id="mixamorig_Hips-Matrix-animation-output-transform">
        <float_array id="mixamorig_Hips-Matrix-animation-output-transform-array" count="4784">

0.999662 0.025945 -0.001364 -0.069766 -0.025899 0.999312 0.026536 116.048012 0.002052 -0.026491 0.999647 1.306584 0.000000 0.000000 0.000000 1.000000
0.999604 0.028099 -0.001606 0.145136 -0.028046 0.999244 0.026934 115.967270 0.002361 -0.026878 0.999636 1.262323 0.000000 0.000000 0.000000 1.000000
0.999546 0.030070 -0.001657 0.353234 -0.030013 0.999174 0.027396 115.905861 0.002479 -0.027334 0.999623 1.246579 0.000000 0.000000 0.000000 1.000000
0.999505 0.031448 -0.001212 0.539245 -0.031401 0.999110 0.028174 115.899742 0.002097 -0.028122 0.999602 1.309227 0.000000 0.000000 0.000000 1.000000
0.999469 0.032569 -0.000647 0.709558 -0.032536 0.999046 0.029128 115.876549 0.001595 -0.029092 0.999575 1.372697 0.000000 0.000000 0.000000 1.000000
0.999433 0.033673 0.000067 0.865275 -0.033660 0.998979 0.030146 115.811211 0.000948 -0.030131 0.999546 1.433496 0.000000 0.000000 0.000000 1.000000
0.999389 0.034938 0.000898 1.006784 -0.034949 0.998904 0.031131 115.695107 0.000190 -0.031143 0.999515 1.488996 0.000000 0.000000 0.000000 1.000000
0.999336 0.036381 0.001758 1.133654 -0.036418 0.998823 0.032047 115.535355 -0.000590 -0.032089 0.999485 1.538542 0.000000 0.000000 0.000000 1.000000
0.999280 0.037864 0.002557 1.244765 -0.037928 0.998739 0.032900 115.347084 -0.001308 -0.032974 0.999455 1.583095 0.000000 0.000000 0.000000 1.000000
0.999226 0.039191 0.003249 1.338711 -0.039279 0.998660 0.033693 115.144096 -0.001924 -0.033795 0.999427 1.623907 0.000000 0.000000 0.000000 1.000000
0.999184 0.040213 0.003835 1.414071 -0.040322 0.998594 0.034401 114.935982 -0.002446 -0.034528 0.999401 1.661735 0.000000 0.000000 0.000000 1.000000
0.999154 0.040891 0.004327 1.469715 -0.041018 0.998545 0.034994 114.727386 -0.002890 -0.035142 0.999378 1.696622 0.000000 0.000000 0.000000 1.000000
0.999136 0.041286 0.004705 1.505598 -0.041427 0.998512 0.035457 114.519775 -0.003234 -0.035621 0.999360 1.728057 0.000000 0.000000 0.000000 1.000000
0.999126 0.041509 0.004914 1.523845 -0.041659 0.998490 0.035800 114.312988 -0.003421 -0.035974 0.999347 1.755174 0.000000 0.000000 0.000000 1.000000
0.999119 0.041677 0.004888 1.528716 -0.041826 0.998475 0.036042 114.107597 -0.003378 -0.036215 0.999338 1.776871 0.000000 0.000000 0.000000 1.000000
0.999113 0.041851 0.004585 1.524342 -0.041990 0.998462 0.036204 113.906258 -0.003063 -0.036365 0.999334 1.791988 0.000000 0.000000 0.000000 1.000000
0.999107 0.042051 0.004025 1.513125 -0.042170 0.998450 0.036317 113.715775 -0.002492 -0.036454 0.999332 1.799649 0.000000 0.000000 0.000000 1.000000
0.999100 0.042281 0.003299 1.495670 -0.042374 0.998437 0.036437 113.544876 -0.001754 -0.036544 0.999331 1.799888 0.000000 0.000000 0.000000 1.000000
0.999090 0.042571 0.002541 1.472195 -0.042635 0.998418 0.036649 113.401291 -0.000977 -0.036724 0.999325 1.794260 0.000000 0.000000 0.000000 1.000000
0.999075 0.042953 0.001868 1.443053 -0.042993 0.998388 0.037041 113.287018 -0.000274 -0.037087 0.999312 1.785957 0.000000 0.000000 0.000000 1.000000
0.999055 0.043450 0.001335 1.408625 -0.043470 0.998344 0.037674 113.198418 0.000304 -0.037696 0.999289 1.779128 0.000000 0.000000 0.000000 1.000000
0.999029 0.044051 0.000935 1.368780 -0.044054 0.998285 0.038553 113.127510 0.000765 -0.038557 0.999256 1.777453 0.000000 0.000000 0.000000 1.000000
0.999001 0.044691 0.000630 1.322781 -0.044680 0.998215 0.039636 113.062485 0.001142 -0.039625 0.999214 1.782509 0.000000 0.000000 0.000000 1.000000
0.998975 0.045271 0.000375 1.269569 -0.045249 0.998141 0.040836 112.989906 0.001474 -0.040811 0.999166 1.792982 0.000000 0.000000 0.000000 1.000000
0.998956 0.045674 0.000121 1.208086 -0.045639 0.998073 0.042044 112.901901 0.001799 -0.042006 0.999116 1.805557 0.000000 0.000000 0.000000 1.000000
0.998950 0.045814 -0.000175 1.137967 -0.045763 0.998019 0.043181 112.802124 0.002153 -0.043128 0.999067 1.817147 0.000000 0.000000 0.000000 1.000000
0.998956 0.045681 -0.000528 1.059626 -0.045613 0.997979 0.044241 112.704308 0.002548 -0.044171 0.999021 1.826727 0.000000 0.000000 0.000000 1.000000
0.998971 0.045344 -0.000913 0.974131 -0.045256 0.997948 0.045294 112.624016 0.002965 -0.045206 0.998973 1.835399 0.000000 0.000000 0.000000 1.000000
0.998990 0.044924 -0.001280 0.882690 -0.044816 0.997916 0.046418 112.568382 0.003363 -0.046313 0.998921 1.844717 0.000000 0.000000 0.000000 1.000000
0.999007 0.044532 -0.001579 0.786144 -0.044406 0.997878 0.047624 112.532593 0.003696 -0.047506 0.998864 1.855086 0.000000 0.000000 0.000000 1.000000
0.999019 0.044244 -0.001775 0.684767 -0.044104 0.997832 0.048839 112.502434 0.003932 -0.048713 0.998805 1.865199 0.000000 0.000000 0.000000 1.000000
0.999026 0.044079 -0.001870 0.578457 -0.043931 0.997784 0.049964 112.463005 0.004068 -0.049833 0.998749 1.872802 0.000000 0.000000 0.000000 1.000000
0.999030 0.043997 -0.001897 0.466833 -0.043843 0.997738 0.050954 112.407951 0.004135 -0.050821 0.998699 1.875918 0.000000 0.000000 0.000000 1.000000
0.999034 0.043905 -0.001910 0.349432 -0.043748 0.997696 0.051846 112.342392 0.004182 -0.051712 0.998653 1.873532 0.000000 0.000000 0.000000 1.000000
0.999043 0.043698 -0.001949 0.225845 -0.043534 0.997660 0.052714 112.277672 0.004248 -0.052579 0.998608 1.865513 0.000000 0.000000 0.000000 1.000000
0.999059 0.043315 -0.002025 0.095881 -0.043144 0.997630 0.053605 112.222511 0.004342 -0.053467 0.998560 1.852206 0.000000 0.000000 0.000000 1.000000
0.999083 0.042767 -0.002115 -0.040156 -0.042588 0.997605 0.054495 112.178978 0.004441 -0.054355 0.998512 1.834246 0.000000 0.000000 0.000000 1.000000
0.999110 0.042129 -0.002182 -0.181617 -0.041944 0.997589 0.055295 112.143745 0.004506 -0.055155 0.998468 1.812519 0.000000 0.000000 0.000000 1.000000
0.999138 0.041443 -0.002204 -0.328161 -0.041256 0.997585 0.055879 112.114456 0.004514 -0.055740 0.998435 1.788150 0.000000 0.000000 0.000000 1.000000
0.999168 0.040721 -0.002194 -0.479577 -0.040534 0.997600 0.056136 112.091934 0.004475 -0.056000 0.998421 1.762011 0.000000 0.000000 0.000000 1.000000
0.999199 0.039952 -0.002187 -0.635896 -0.039767 0.997637 0.056022 112.079323 0.004420 -0.055890 0.998427 1.734306 0.000000 0.000000 0.000000 1.000000
0.999231 0.039155 -0.002202 -0.796781 -0.038972 0.997693 0.055580 112.080101 0.004373 -0.055451 0.998452 1.704366 0.000000 0.000000 0.000000 1.000000
0.999260 0.038393 -0.002223 -0.961726 -0.038213 0.997760 0.054913 112.092934 0.004327 -0.054787 0.998489 1.670815 0.000000 0.000000 0.000000 1.000000
0.999286 0.037714 -0.002217 -1.130340 -0.037539 0.997828 0.054137 112.113266 0.004254 -0.054015 0.998531 1.632055 0.000000 0.000000 0.000000 1.000000
0.999310 0.037081 -0.002168 -1.302798 -0.036913 0.997895 0.053329 112.135834 0.004141 -0.053212 0.998575 1.586790 0.000000 0.000000 0.000000 1.000000
0.999337 0.036347 -0.002110 -1.480199 -0.036186 0.997965 0.052495 112.159744 0.004014 -0.052384 0.998619 1.534337 0.000000 0.000000 0.000000 1.000000
0.999374 0.035314 -0.002096 -1.663817 -0.035159 0.998049 0.051594 112.191467 0.003914 -0.051488 0.998666 1.475056 0.000000 0.000000 0.000000 1.000000
0.999424 0.033874 -0.002129 -1.854289 -0.033723 0.998150 0.050593 112.242699 0.003838 -0.050492 0.998717 1.410791 0.000000 0.000000 0.000000 1.000000
0.999482 0.032101 -0.002103 -2.050798 -0.031958 0.998261 0.049533 112.322556 0.003690 -0.049440 0.998770 1.344882 0.000000 0.000000 0.000000 1.000000
0.999542 0.030221 -0.001827 -2.251424 -0.030097 0.998368 0.048528 112.430481 0.003291 -0.048450 0.998820 1.281157 0.000000 0.000000 0.000000 1.000000
0.999594 0.028478 -0.001131 -2.454269 -0.028391 0.998458 0.047693 112.554138 0.002488 -0.047641 0.998861 1.222161 0.000000 0.000000 0.000000 1.000000
0.999636 0.026996 0.000004 -2.658509 -0.026967 0.998528 0.047057 112.674614 0.001266 -0.047040 0.998892 1.168245 0.000000 0.000000 0.000000 1.000000
0.999668 0.025738 0.001411 -2.864630 -0.025776 0.998584 0.046534 112.780228 -0.000211 -0.046555 0.998916 1.118077 0.000000 0.000000 0.000000 1.000000
0.999695 0.024553 0.002831 -3.073875 -0.024657 0.998638 0.045975 112.872704 -0.001699 -0.046031 0.998939 1.069932 0.000000 0.000000 0.000000 1.000000
0.999721 0.023289 0.004064 -3.287105 -0.023449 0.998701 0.045231 112.964165 -0.003005 -0.045314 0.998968 1.022670 0.000000 0.000000 0.000000 1.000000
0.999748 0.021885 0.005042 -3.504657 -0.022087 0.998777 0.044231 113.066124 -0.004067 -0.044331 0.999009 0.976074 0.000000 0.000000 0.000000 1.000000
0.999775 0.020390 0.005798 -3.726832 -0.020621 0.998862 0.043015 113.181656 -0.004915 -0.043124 0.999058 0.930699 0.000000 0.000000 0.000000 1.000000
0.999800 0.018931 0.006371 -3.954338 -0.019181 0.998945 0.041728 113.304230 -0.005574 -0.041842 0.999109 0.887510 0.000000 0.000000 0.000000 1.000000
0.999822 0.017634 0.006743 -4.187075 -0.017893 0.999017 0.040554 113.421776 -0.006021 -0.040667 0.999155 0.847395 0.000000 0.000000 0.000000 1.000000
0.999840 0.016543 0.006875 -4.424026 -0.016803 0.999073 0.039635 113.523659 -0.006213 -0.039745 0.999191 0.810832 0.000000 0.000000 0.000000 1.000000
0.999856 0.015589 0.006773 -4.664569 -0.015842 0.999113 0.039020 113.606270 -0.006159 -0.039122 0.999215 0.777754 0.000000 0.000000 0.000000 1.000000
0.999872 0.014602 0.006517 -4.909359 -0.014843 0.999142 0.038658 113.676804 -0.005947 -0.038750 0.999231 0.747885 0.000000 0.000000 0.000000 1.000000
0.999891 0.013426 0.006217 -5.159222 -0.013656 0.999167 0.038454 113.749763 -0.005696 -0.038534 0.999241 0.721579 0.000000 0.000000 0.000000 1.000000
0.999910 0.011990 0.005941 -5.414608 -0.012209 0.999190 0.038340 113.838753 -0.005476 -0.038409 0.999247 0.700465 0.000000 0.000000 0.000000 1.000000
0.999931 0.010298 0.005677 -5.675202 -0.010508 0.999211 0.038289 113.949554 -0.005279 -0.038346 0.999251 0.687281 0.000000 0.000000 0.000000 1.000000
0.999950 0.008372 0.005393 -5.940694 -0.008572 0.999230 0.038288 114.079399 -0.005068 -0.038333 0.999252 0.684636 0.000000 0.000000 0.000000 1.000000
0.999968 0.006211 0.005115 -6.210731 -0.006402 0.999245 0.038322 114.221687 -0.004873 -0.038353 0.999252 0.693756 0.000000 0.000000 0.000000 1.000000
0.999980 0.003795 0.004969 -6.485109 -0.003983 0.999255 0.038378 114.371765 -0.004819 -0.038397 0.999251 0.713673 0.000000 0.000000 0.000000 1.000000
0.999986 0.001131 0.005119 -6.763340 -0.001327 0.999259 0.038458 114.530128 -0.005071 -0.038464 0.999247 0.741428 0.000000 0.000000 0.000000 1.000000
0.999983 -0.001749 0.005649 -7.044866 0.001530 0.999255 0.038555 114.699997 -0.005712 -0.038546 0.999241 0.773436 0.000000 0.000000 0.000000 1.000000
0.999967 -0.004783 0.006496 -7.329201 0.004528 0.999243 0.038648 114.885101 -0.006676 -0.038617 0.999232 0.807191 0.000000 0.000000 0.000000 1.000000
0.999941 -0.007909 0.007488 -7.615914 0.007614 0.999221 0.038719 115.087997 -0.007788 -0.038659 0.999222 0.842407 0.000000 0.000000 0.000000 1.000000
0.999903 -0.011103 0.008447 -7.904885 0.010767 0.999190 0.038772 115.309883 -0.008871 -0.038677 0.999212 0.881076 0.000000 0.000000 0.000000 1.000000
0.999854 -0.014379 0.009261 -8.196235 0.014009 0.999148 0.038824 115.547523 -0.009811 -0.038689 0.999203 0.926565 0.000000 0.000000 0.000000 1.000000
0.999794 -0.017735 0.009908 -8.489418 0.017337 0.999093 0.038886 115.788155 -0.010588 -0.038706 0.999195 0.982004 0.000000 0.000000 0.000000 1.000000
0.999724 -0.021047 0.010424 -8.782278 0.020626 0.999028 0.038960 116.008621 -0.011234 -0.038734 0.999186 1.048411 0.000000 0.000000 0.000000 1.000000
0.999647 -0.024269 0.010838 -9.073627 0.023829 0.998953 0.039041 116.190979 -0.011774 -0.038769 0.999179 1.123962 0.000000 0.000000 0.000000 1.000000
0.999564 -0.027339 0.011143 -9.362004 0.026884 0.998874 0.039087 116.324417 -0.012199 -0.038770 0.999174 1.203955 0.000000 0.000000 0.000000 1.000000
0.999477 -0.030274 0.011324 -9.647101 0.029811 0.998794 0.039020 116.411736 -0.012492 -0.038662 0.999174 1.282567 0.000000 0.000000 0.000000 1.000000
0.999384 -0.033183 0.011426 -9.929494 0.032717 0.998712 0.038780 116.465782 -0.012698 -0.038382 0.999182 1.354843 0.000000 0.000000 0.000000 1.000000
0.999277 -0.036214 0.011598 -10.210428 0.035744 0.998624 0.038375 116.502762 -0.012972 -0.037932 0.999196 1.417870 0.000000 0.000000 0.000000 1.000000
0.999149 -0.039448 0.012063 -10.490286 0.038965 0.998522 0.037882 116.531433 -0.013540 -0.037379 0.999209 1.471107 0.000000 0.000000 0.000000 1.000000
0.998998 -0.042835 0.013005 -10.768077 0.042322 0.998404 0.037407 116.550079 -0.014586 -0.036819 0.999215 1.516161 0.000000 0.000000 0.000000 1.000000
0.998827 -0.046219 0.014463 -11.041624 0.045657 0.998270 0.037047 116.549271 -0.016150 -0.036343 0.999209 1.555810 0.000000 0.000000 0.000000 1.000000
0.998645 -0.049404 0.016321 -11.308599 0.048776 0.998129 0.036862 116.520042 -0.018112 -0.036016 0.999187 1.592599 0.000000 0.000000 0.000000 1.000000
0.998466 -0.052221 0.018410 -11.567350 0.051516 0.997991 0.036876 116.462326 -0.020299 -0.035871 0.999150 1.627956 0.000000 0.000000 0.000000 1.000000
0.998298 -0.054561 0.020609 -11.817228 0.053772 0.997864 0.037082 116.387115 -0.022588 -0.035911 0.999100 1.662013 0.000000 0.000000 0.000000 1.000000
0.998160 -0.056142 0.022893 -12.054220 0.055261 0.997770 0.037443 116.296379 -0.024944 -0.036109 0.999037 1.692899 0.000000 0.000000 0.000000 1.000000
0.998058 -0.056940 0.025253 -12.278603 0.055963 0.997714 0.037871 116.199341 -0.027351 -0.036385 0.998963 1.718503 0.000000 0.000000 0.000000 1.000000
0.997987 -0.057083 0.027633 -12.492815 0.056008 0.997697 0.038250 116.099609 -0.029753 -0.036625 0.998886 1.736534 0.000000 0.000000 0.000000 1.000000
0.997948 -0.056605 0.029928 -12.696374 0.055438 0.997721 0.038472 115.984528 -0.032037 -0.036734 0.998811 1.744651 0.000000 0.000000 0.000000 1.000000
0.997940 -0.055621 0.031982 -12.889486 0.054379 0.997779 0.038483 115.841080 -0.034051 -0.036665 0.998747 1.741712 0.000000 0.000000 0.000000 1.000000
0.997958 -0.054309 0.033632 -13.073143 0.053012 0.997859 0.038309 115.661545 -0.035640 -0.036448 0.998700 1.727791 0.000000 0.000000 0.000000 1.000000
0.997998 -0.052837 0.034762 -13.248523 0.051509 0.997948 0.038035 115.446815 -0.036701 -0.036169 0.998672 1.703841 0.000000 0.000000 0.000000 1.000000
0.998056 -0.051320 0.035363 -13.416923 0.049981 0.998036 0.037772 115.207191 -0.037232 -0.035931 0.998660 1.671679 0.000000 0.000000 0.000000 1.000000
0.998127 -0.049789 0.035542 -13.579263 0.048449 0.998117 0.037615 114.958061 -0.037348 -0.035822 0.998660 1.634222 0.000000 0.000000 0.000000 1.000000
0.998206 -0.048216 0.035485 -13.735430 0.046877 0.998192 0.037632 114.712204 -0.037236 -0.035901 0.998661 1.595557 0.000000 0.000000 0.000000 1.000000
0.998288 -0.046571 0.035394 -13.883690 0.045228 0.998259 0.037863 114.472755 -0.037095 -0.036197 0.998656 1.559954 0.000000 0.000000 0.000000 1.000000
0.998365 -0.044859 0.035429 -14.021951 0.043497 0.998319 0.038305 114.230644 -0.037088 -0.036702 0.998638 1.530017 0.000000 0.000000 0.000000 1.000000
0.998432 -0.043139 0.035685 -14.152062 0.041746 0.998370 0.038910 113.974358 -0.037305 -0.037359 0.998605 1.505255 0.000000 0.000000 0.000000 1.000000
0.998483 -0.041505 0.036175 -14.278955 0.040067 0.998412 0.039600 113.698532 -0.037761 -0.038090 0.998561 1.482456 0.000000 0.000000 0.000000 1.000000
0.998518 -0.040043 0.036858 -14.398633 0.038552 0.998443 0.040316 113.415268 -0.038415 -0.038835 0.998507 1.457920 0.000000 0.000000 0.000000 1.000000
0.998538 -0.038780 0.037666 -14.487351 0.037229 0.998464 0.041037 113.149330 -0.039199 -0.039575 0.998447 1.429724 0.000000 0.000000 0.000000 1.000000
0.998547 -0.037693 0.038514 -14.519664 0.036079 0.998476 0.041768 112.929634 -0.040030 -0.040318 0.998385 1.398670 0.000000 0.000000 0.000000 1.000000
0.998551 -0.036766 0.039304 -14.498435 0.035090 0.998480 0.042513 112.781616 -0.040807 -0.041073 0.998322 1.367543 0.000000 0.000000 0.000000 1.000000
0.998554 -0.035986 0.039925 -14.446141 0.034253 0.998477 0.043258 112.720367 -0.041421 -0.041828 0.998266 1.339295 0.000000 0.000000 0.000000 1.000000
0.998564 -0.035336 0.040273 -14.376496 0.033560 0.998469 0.043961 112.747078 -0.041765 -0.042546 0.998221 1.315615 0.000000 0.000000 0.000000 1.000000
0.998583 -0.034756 0.040298 -14.288467 0.032954 0.998463 0.044557 112.846085 -0.041785 -0.043166 0.998194 1.296454 0.000000 0.000000 0.000000 1.000000
0.998615 -0.034141 0.040037 -14.177279 0.032333 0.998465 0.044964 112.986130 -0.041510 -0.043607 0.998186 1.280448 0.000000 0.000000 0.000000 1.000000
0.998659 -0.033365 0.039594 -14.040998 0.031571 0.998483 0.045101 113.127823 -0.041038 -0.043790 0.998198 1.265464 0.000000 0.000000 0.000000 1.000000
0.998713 -0.032352 0.039069 -13.880180 0.030590 0.998524 0.044882 113.243500 -0.040464 -0.043629 0.998228 1.249048 0.000000 0.000000 0.000000 1.000000
0.998773 -0.031145 0.038501 -13.697058 0.029435 0.998589 0.044211 113.332092 -0.039823 -0.043023 0.998280 1.228439 0.000000 0.000000 0.000000 1.000000
0.998835 -0.029918 0.037857 -13.495418 0.028285 0.998676 0.042968 113.418610 -0.039092 -0.041848 0.998359 1.200564 0.000000 0.000000 0.000000 1.000000
0.998893 -0.028914 0.037093 -13.280035 0.027385 0.998781 0.041064 113.537018 -0.038235 -0.040003 0.998468 1.162517 0.000000 0.000000 0.000000 1.000000
0.998944 -0.028296 0.036208 -13.054500 0.026898 0.998896 0.038524 113.708740 -0.037258 -0.037509 0.998601 1.113016 0.000000 0.000000 0.000000 1.000000
0.998985 -0.028067 0.035226 -12.820081 0.026813 0.999008 0.035557 113.930824 -0.036189 -0.034577 0.998747 1.053971 0.000000 0.000000 0.000000 1.000000
0.999024 -0.028054 0.034132 -12.575811 0.026946 0.999108 0.032506 114.179588 -0.035013 -0.031555 0.998889 0.990518 0.000000 0.000000 0.000000 1.000000
0.999068 -0.028037 0.032821 -12.320128 0.027065 0.999192 0.029696 114.425987 -0.033627 -0.028780 0.999020 0.928838 0.000000 0.000000 0.000000 1.000000
0.999127 -0.027836 0.031155 -12.051018 0.026989 0.999263 0.027292 114.618324 -0.031892 -0.026427 0.999142 0.872683 0.000000 0.000000 0.000000 1.000000
0.999202 -0.027414 0.029062 -11.770641 0.026682 0.999324 0.025272 114.776772 -0.029735 -0.024477 0.999258 0.823091 0.000000 0.000000 0.000000 1.000000
0.999289 -0.026692 0.026632 -11.479162 0.026068 0.999384 0.023511 114.903275 -0.027243 -0.022800 0.999369 0.778278 0.000000 0.000000 0.000000 1.000000
0.999376 -0.025830 0.024102 -11.180137 0.025304 0.999440 0.021881 115.007919 -0.024654 -0.021258 0.999470 0.736432 0.000000 0.000000 0.000000 1.000000
0.999452 -0.024937 0.021791 -10.875992 0.024494 0.999493 0.020327 115.098396 -0.022286 -0.019782 0.999556 0.696662 0.000000 0.000000 0.000000 1.000000
0.999511 -0.024050 0.019987 -10.568482 0.023673 0.999542 0.018871 115.180099 -0.020431 -0.018389 0.999622 0.659286 0.000000 0.000000 0.000000 1.000000
0.999554 -0.023155 0.018864 -10.259220 0.022824 0.999586 0.017541 115.261757 -0.019262 -0.017102 0.999668 0.624967 0.000000 0.000000 0.000000 1.000000
0.999582 -0.022254 0.018439 -9.950589 0.021955 0.999627 0.016265 115.357712 -0.018794 -0.015854 0.999698 0.593254 0.000000 0.000000 0.000000 1.000000
0.999599 -0.021365 0.018583 -9.645031 0.021090 0.999667 0.014857 115.484436 -0.018894 -0.014459 0.999717 0.562330 0.000000 0.000000 0.000000 1.000000
0.999608 -0.020492 0.019064 -9.344031 0.020244 0.999709 0.013131 115.651482 -0.019328 -0.012740 0.999732 0.530817 0.000000 0.000000 0.000000 1.000000
0.999616 -0.019546 0.019628 -9.046681 0.019332 0.999752 0.011063 115.855331 -0.019839 -0.010679 0.999746 0.500110 0.000000 0.000000 0.000000 1.000000
0.999629 -0.018371 0.020119 -8.750208 0.018196 0.999795 0.008845 116.076271 -0.020277 -0.008475 0.999758 0.475020 0.000000 0.000000 0.000000 1.000000
0.999646 -0.016895 0.020560 -8.452012 0.016759 0.999837 0.006771 116.285347 -0.020671 -0.006424 0.999766 0.461906 0.000000 0.000000 0.000000 1.000000
0.999661 -0.015234 0.021115 -8.151037 0.015130 0.999873 0.005055 116.451408 -0.021189 -0.004734 0.999764 0.465773 0.000000 0.000000 0.000000 1.000000
0.999667 -0.013621 0.021918 -7.847806 0.013543 0.999901 0.003707 116.554054 -0.021966 -0.003409 0.999753 0.488199 0.000000 0.000000 0.000000 1.000000
0.999663 -0.012204 0.022906 -7.542996 0.012149 0.999923 0.002558 116.592880 -0.022936 -0.002279 0.999734 0.526966 0.000000 0.000000 0.000000 1.000000
0.999657 -0.010895 0.023812 -7.235992 0.010864 0.999940 0.001412 116.588303 -0.023825 -0.001152 0.999715 0.577687 0.000000 0.000000 0.000000 1.000000
0.999659 -0.009455 0.024325 -6.925303 0.009452 0.999955 0.000227 116.571968 -0.024326 0.000003 0.999704 0.636474 0.000000 0.000000 0.000000 1.000000
0.999676 -0.007614 0.024283 -6.608602 0.007636 0.999970 -0.000830 116.571556 -0.024276 0.001015 0.999705 0.701023 0.000000 0.000000 0.000000 1.000000
0.999705 -0.005308 0.023721 -6.284736 0.005345 0.999985 -0.001504 116.607826 -0.023713 0.001631 0.999717 0.769781 0.000000 0.000000 0.000000 1.000000
0.999736 -0.002688 0.022811 -5.953617 0.002725 0.999995 -0.001623 116.691559 -0.022807 0.001685 0.999738 0.840394 0.000000 0.000000 0.000000 1.000000
0.999764 -0.000026 0.021746 -5.615909 0.000052 0.999999 -0.001191 116.818672 -0.021746 0.001192 0.999763 0.909297 0.000000 0.000000 0.000000 1.000000
0.999784 0.002473 0.020636 -5.271682 -0.002466 0.999997 -0.000367 116.968674 -0.020637 0.000316 0.999787 0.972427 0.000000 0.000000 0.000000 1.000000
0.999799 0.004780 0.019471 -4.919871 -0.004794 0.999988 0.000640 117.112808 -0.019468 -0.000733 0.999810 1.026457 0.000000 0.000000 0.000000 1.000000
0.999810 0.007050 0.018161 -4.558392 -0.007081 0.999974 0.001669 117.229942 -0.018149 -0.001797 0.999834 1.069320 0.000000 0.000000 0.000000 1.000000
0.999817 0.009458 0.016615 -4.185167 -0.009503 0.999951 0.002612 117.317574 -0.016590 -0.002770 0.999859 1.099835 0.000000 0.000000 0.000000 1.000000
0.999817 0.012110 0.014781 -3.798697 -0.012162 0.999920 0.003395 117.388657 -0.014739 -0.003574 0.999885 1.117290 0.000000 0.000000 0.000000 1.000000
0.999808 0.015011 0.012613 -3.398333 -0.015063 0.999879 0.003991 117.456146 -0.012551 -0.004180 0.999912 1.121622 0.000000 0.000000 0.000000 1.000000
0.999785 0.018134 0.010038 -2.983483 -0.018180 0.999825 0.004472 117.521782 -0.009955 -0.004653 0.999940 1.113090 0.000000 0.000000 0.000000 1.000000
0.999747 0.021383 0.006987 -2.553678 -0.021418 0.999758 0.004978 117.574997 -0.006878 -0.005127 0.999963 1.091453 0.000000 0.000000 0.000000 1.000000
0.999695 0.024464 0.003452 -2.110319 -0.024483 0.999684 0.005662 117.597343 -0.003312 -0.005745 0.999978 1.055563 0.000000 0.000000 0.000000 1.000000
0.999628 0.027267 -0.000479 -1.653772 -0.027263 0.999606 0.006631 117.582596 0.000659 -0.006615 0.999978 1.004175 0.000000 0.000000 0.000000 1.000000
0.999546 0.029777 -0.004650 -1.184601 -0.029740 0.999526 0.007925 117.531250 0.004883 -0.007783 0.999958 0.937937 0.000000 0.000000 0.000000 1.000000
0.999447 0.032055 -0.008887 -0.704722 -0.031970 0.999444 0.009518 117.446419 0.009187 -0.009228 0.999915 0.859493 0.000000 0.000000 0.000000 1.000000
0.999330 0.034211 -0.013039 -0.216515 -0.034064 0.999355 0.011330 117.333038 0.013419 -0.010879 0.999851 0.772471 0.000000 0.000000 0.000000 1.000000
0.999195 0.036332 -0.017007 0.277480 -0.036109 0.999260 0.013239 117.195778 0.017476 -0.012614 0.999768 0.679359 0.000000 0.000000 0.000000 1.000000
0.999045 0.038446 -0.020758 0.774608 -0.038137 0.999159 0.015087 117.039085 0.021321 -0.014281 0.999671 0.580081 0.000000 0.000000 0.000000 1.000000
0.998880 0.040563 -0.024342 1.272127 -0.040162 0.999053 0.016729 116.869400 0.024997 -0.015732 0.999564 0.472666 0.000000 0.000000 0.000000 1.000000
0.998697 0.042735 -0.027876 1.767581 -0.042240 0.998944 0.018094 116.694031 0.028620 -0.016893 0.999448 0.355685 0.000000 0.000000 0.000000 1.000000
0.998489 0.045057 -0.031473 2.258791 -0.044466 0.998826 0.019217 116.519409 0.032301 -0.017788 0.999320 0.230134 0.000000 0.000000 0.000000 1.000000
0.998248 0.047609 -0.035145 2.743338 -0.046919 0.998694 0.020213 116.346565 0.036062 -0.018529 0.999178 0.099186 0.000000 0.000000 0.000000 1.000000
0.997976 0.050404 -0.038778 3.218388 -0.049608 0.998543 0.021223 116.169571 0.039791 -0.019257 0.999022 -0.033416 0.000000 0.000000 0.000000 1.000000
0.997682 0.053379 -0.042211 3.679986 -0.052470 0.998372 0.022358 115.976151 0.043335 -0.020091 0.998859 -0.164829 0.000000 0.000000 0.000000 1.000000
0.997373 0.056453 -0.045382 4.123780 -0.055422 0.998182 0.023675 115.750809 0.046636 -0.021098 0.998689 -0.293298 0.000000 0.000000 0.000000 1.000000
0.997052 0.059534 -0.048409 4.545250 -0.058366 0.997977 0.025191 115.483154 0.049811 -0.022292 0.998510 -0.417327 0.000000 0.000000 0.000000 1.000000
0.996712 0.062518 -0.051535 4.940476 -0.061193 0.997764 0.026891 115.174995 0.053101 -0.023649 0.998309 -0.535413 0.000000 0.000000 0.000000 1.000000
0.996350 0.065288 -0.054989 5.306695 -0.063782 0.997550 0.028725 114.847733 0.056730 -0.025113 0.998074 -0.646508 0.000000 0.000000 0.000000 1.000000
0.995968 0.067734 -0.058821 5.641651 -0.066019 0.997348 0.030620 114.527336 0.060739 -0.026613 0.997799 -0.750039 0.000000 0.000000 0.000000 1.000000
0.995583 0.069747 -0.062845 5.941939 -0.067807 0.997169 0.032493 114.214233 0.064934 -0.028089 0.997494 -0.844858 0.000000 0.000000 0.000000 1.000000
0.995216 0.071393 -0.066701 6.209438 -0.069225 0.997012 0.034268 113.975616 0.068948 -0.029486 0.997184 -0.928586 0.000000 0.000000 0.000000 1.000000
0.994897 0.072652 -0.070012 6.440858 -0.070273 0.996883 0.035868 113.798714 0.072399 -0.030765 0.996901 -0.997905 0.000000 0.000000 0.000000 1.000000
0.994655 0.073498 -0.072526 6.632141 -0.070943 0.996786 0.037209 113.655365 0.075028 -0.031865 0.996672 -1.049794 0.000000 0.000000 0.000000 1.000000
0.994504 0.073887 -0.074182 6.779130 -0.071203 0.996730 0.038197 113.523308 0.076762 -0.032705 0.996513 -1.083116 0.000000 0.000000 0.000000 1.000000
0.994443 0.073787 -0.075093 6.877779 -0.071031 0.996721 0.038745 113.398201 0.077705 -0.033196 0.996424 -1.099563 0.000000 0.000000 0.000000 1.000000
0.994457 0.073213 -0.075465 6.924744 -0.070438 0.996761 0.038809 113.292244 0.078062 -0.033279 0.996393 -1.103163 0.000000 0.000000 0.000000 1.000000
0.994527 0.072233 -0.075490 6.918071 -0.069484 0.996843 0.038425 113.224678 0.078027 -0.032969 0.996406 -1.098549 0.000000 0.000000 0.000000 1.000000
0.994638 0.070938 -0.075260 6.858502 -0.068250 0.996956 0.037701 113.211418 0.077705 -0.032362 0.996451 -1.089283 0.000000 0.000000 0.000000 1.000000
0.994785 0.069387 -0.074752 6.748883 -0.066783 0.997089 0.036790 113.260864 0.077088 -0.031606 0.996523 -1.077046 0.000000 0.000000 0.000000 1.000000
0.994974 0.067580 -0.073892 6.592591 -0.065073 0.997237 0.035829 113.371223 0.076109 -0.030841 0.996622 -1.061809 0.000000 0.000000 0.000000 1.000000
0.995208 0.065468 -0.072622 6.392028 -0.063066 0.997399 0.034893 113.533760 0.074718 -0.030146 0.996749 -1.042570 0.000000 0.000000 0.000000 1.000000
0.995488 0.063010 -0.070951 6.148972 -0.060720 0.997576 0.033986 113.736565 0.072921 -0.029525 0.996901 -1.018159 0.000000 0.000000 0.000000 1.000000
0.995801 0.060236 -0.068936 5.865496 -0.058066 0.997765 0.033068 113.965752 0.070774 -0.028926 0.997073 -0.987901 0.000000 0.000000 0.000000 1.000000
0.996129 0.057276 -0.066677 5.544291 -0.055233 0.997958 0.032079 114.205452 0.068379 -0.028272 0.997259 -0.952058 0.000000 0.000000 0.000000 1.000000
0.996449 0.054308 -0.064339 5.188567 -0.052400 0.998146 0.030975 114.437218 0.065902 -0.027494 0.997447 -0.911650 0.000000 0.000000 0.000000 1.000000
0.996739 0.051478 -0.062143 4.801240 -0.049705 0.998321 0.029752 114.643738 0.063570 -0.026567 0.997624 -0.867599 0.000000 0.000000 0.000000 1.000000
0.996984 0.048830 -0.060316 4.385020 -0.047181 0.998481 0.028467 114.813110 0.061615 -0.025535 0.997773 -0.819633 0.000000 0.000000 0.000000 1.000000
0.997182 0.046323 -0.059014 3.942371 -0.044780 0.998626 0.027205 114.942261 0.060193 -0.024485 0.997886 -0.766086 0.000000 0.000000 0.000000 1.000000
0.997336 0.043880 -0.058263 3.476309 -0.042422 0.998761 0.026028 115.038857 0.059332 -0.023487 0.997962 -0.705065 0.000000 0.000000 0.000000 1.000000
0.997459 0.041454 -0.057941 2.990668 -0.040064 0.998885 0.024955 115.122925 0.058911 -0.022570 0.998008 -0.635930 0.000000 0.000000 0.000000 1.000000
0.997566 0.039001 -0.057809 2.489556 -0.037668 0.999002 0.023986 115.219559 0.058687 -0.021750 0.998039 -0.559785 0.000000 0.000000 0.000000 1.000000
0.997675 0.036449 -0.057584 1.976267 -0.035165 0.999113 0.023153 115.347115 0.058377 -0.021074 0.998072 -0.479047 0.000000 0.000000 0.000000 1.000000
0.997803 0.033700 -0.057046 1.453078 -0.032461 0.999219 0.022514 115.506264 0.057760 -0.020613 0.998118 -0.396661 0.000000 0.000000 0.000000 1.000000
0.997952 0.030694 -0.056116 0.921738 -0.029492 0.999320 0.022124 115.676689 0.056757 -0.020424 0.998179 -0.315322 0.000000 0.000000 0.000000 1.000000
0.998116 0.027444 -0.054870 0.384123 -0.026270 0.999413 0.022010 115.825439 0.055441 -0.020527 0.998251 -0.236519 0.000000 0.000000 0.000000 1.000000
0.998280 0.024022 -0.053478 -0.156945 -0.022865 0.999493 0.022141 115.924438 0.053983 -0.020880 0.998324 -0.160123 0.000000 0.000000 0.000000 1.000000
0.998430 0.020550 -0.052116 -0.697289 -0.019403 0.999560 0.022415 115.966003 0.052553 -0.021368 0.998389 -0.084729 0.000000 0.000000 0.000000 1.000000
0.998558 0.017123 -0.050874 -1.232153 -0.015986 0.999615 0.022669 115.965134 0.051242 -0.021823 0.998448 -0.008413 0.000000 0.000000 0.000000 1.000000
0.998668 0.013705 -0.049738 -1.758203 -0.012585 0.999662 0.022756 115.945290 0.050033 -0.022100 0.998503 0.070769 0.000000 0.000000 0.000000 1.000000
0.998765 0.010237 -0.048615 -2.272593 -0.009145 0.999702 0.022623 115.931824 0.048832 -0.022150 0.998561 0.154423 0.000000 0.000000 0.000000 1.000000
0.998854 0.006710 -0.047390 -2.772246 -0.005657 0.999735 0.022318 115.940872 0.047527 -0.022025 0.998627 0.242978 0.000000 0.000000 0.000000 1.000000
0.998938 0.003174 -0.045968 -3.253044 -0.002167 0.999757 0.021936 115.973587 0.046027 -0.021813 0.998702 0.334722 0.000000 0.000000 0.000000 1.000000
0.999018 -0.000329 -0.044304 -3.711058 0.001285 0.999767 0.021539 116.019249 0.044287 -0.021574 0.998786 0.425565 0.000000 0.000000 0.000000 1.000000
0.999093 -0.003819 -0.042402 -4.145633 0.004718 0.999766 0.021120 116.067741 0.042311 -0.021301 0.998877 0.510031 0.000000 0.000000 0.000000 1.000000
0.999160 -0.007365 -0.040308 -4.560956 0.008201 0.999754 0.020630 116.119278 0.040147 -0.020943 0.998974 0.582959 0.000000 0.000000 0.000000 1.000000
0.999213 -0.011007 -0.038109 -4.963585 0.011777 0.999730 0.020035 116.186447 0.037878 -0.020468 0.999073 0.641286 0.000000 0.000000 0.000000 1.000000
0.999247 -0.014667 -0.035926 -5.357945 0.015371 0.999694 0.019385 116.285530 0.035631 -0.019922 0.999166 0.684831 0.000000 0.000000 0.000000 1.000000
0.999261 -0.018124 -0.033907 -5.744080 0.018769 0.999647 0.018820 116.422180 0.033554 -0.019443 0.999248 0.715816 0.000000 0.000000 0.000000 1.000000
0.999259 -0.021098 -0.032191 -6.119335 0.021701 0.999593 0.018495 116.581207 0.031788 -0.019180 0.999311 0.737565 0.000000 0.000000 0.000000 1.000000
0.999251 -0.023358 -0.030853 -6.480741 0.023935 0.999543 0.018463 116.728661 0.030407 -0.019188 0.999353 0.752959 0.000000 0.000000 0.000000 1.000000
0.999240 -0.025034 -0.029879 -6.828884 0.025598 0.999498 0.018643 116.837959 0.029397 -0.019394 0.999380 0.763990 0.000000 0.000000 0.000000 1.000000
0.999225 -0.026423 -0.029180 -7.165787 0.026982 0.999457 0.018909 116.898109 0.028664 -0.019682 0.999395 0.771468 0.000000 0.000000 0.000000 1.000000
0.999202 -0.027840 -0.028636 -7.493744 0.028396 0.999412 0.019202 116.919357 0.028085 -0.020000 0.999405 0.775177 0.000000 0.000000 0.000000 1.000000
0.999170 -0.029440 -0.028142 -7.814031 0.029996 0.999359 0.019546 116.917946 0.027548 -0.020374 0.999413 0.773552 0.000000 0.000000 0.000000 1.000000
0.999133 -0.031165 -0.027609 -8.126338 0.031723 0.999297 0.019986 116.909439 0.026967 -0.020845 0.999419 0.763579 0.000000 0.000000 0.000000 1.000000
0.999099 -0.032787 -0.026959 -8.428961 0.033345 0.999233 0.020522 116.899307 0.026266 -0.021402 0.999426 0.741178 0.000000 0.000000 0.000000 1.000000
0.999079 -0.034044 -0.026115 -8.719576 0.034598 0.999179 0.021093 116.882118 0.025375 -0.021977 0.999436 0.702707 0.000000 0.000000 0.000000 1.000000
0.999083 -0.034744 -0.025013 -8.996105 0.035287 0.999143 0.021618 116.843658 0.024240 -0.022480 0.999453 0.646685 0.000000 0.000000 0.000000 1.000000
0.999113 -0.034856 -0.023616 -9.257623 0.035378 0.999131 0.022051 116.769554 0.022827 -0.022867 0.999478 0.574818 0.000000 0.000000 0.000000 1.000000
0.999164 -0.034509 -0.021907 -9.504794 0.035000 0.999136 0.022422 116.654175 0.021114 -0.023170 0.999509 0.491274 0.000000 0.000000 0.000000 1.000000
0.999226 -0.033934 -0.019875 -9.739649 0.034385 0.999148 0.022818 116.504646 0.019084 -0.023484 0.999542 0.400854 0.000000 0.000000 0.000000 1.000000
0.999290 -0.033351 -0.017527 -9.964562 0.033756 0.999158 0.023336 116.338371 0.016734 -0.023911 0.999574 0.307465 0.000000 0.000000 0.000000 1.000000
0.999348 -0.032886 -0.014899 -10.181326 0.033238 0.999159 0.024013 116.173492 0.014097 -0.024493 0.999601 0.213584 0.000000 0.000000 0.000000 1.000000
0.999399 -0.032509 -0.012046 -10.390397 0.032800 0.999154 0.024801 116.022369 0.011230 -0.025181 0.999620 0.120690 0.000000 0.000000 0.000000 1.000000
0.999445 -0.032086 -0.008990 -10.591148 0.032307 0.999150 0.025595 115.893990 0.008161 -0.025871 0.999632 0.030080 0.000000 0.000000 0.000000 1.000000
0.999488 -0.031481 -0.005658 -10.782890 0.031619 0.999154 0.026309 115.797325 0.004825 -0.026475 0.999638 -0.056397 0.000000 0.000000 0.000000 1.000000
0.999529 -0.030638 -0.001893 -10.965354 0.030678 0.999166 0.026934 115.735580 0.001066 -0.026980 0.999635 -0.136316 0.000000 0.000000 0.000000 1.000000
0.999559 -0.029602 0.002468 -11.138167 0.029523 0.999185 0.027536 115.694664 -0.003281 -0.027451 0.999618 -0.207309 0.000000 0.000000 0.000000 1.000000
0.999566 -0.028477 0.007497 -11.300776 0.028255 0.999203 0.028213 115.642860 -0.008294 -0.027989 0.999574 -0.267850 0.000000 0.000000 0.000000 1.000000
0.999539 -0.027387 0.013109 -11.452578 0.026997 0.999213 0.029047 115.545822 -0.013894 -0.028680 0.999492 -0.317803 0.000000 0.000000 0.000000 1.000000
0.999469 -0.026449 0.019057 -11.593983 0.025868 0.999213 0.030078 115.388458 -0.019838 -0.029569 0.999366 -0.358416 0.000000 0.000000 0.000000 1.000000
0.999355 -0.025762 0.025007 -11.726729 0.024976 0.999199 0.031270 115.185982 -0.025793 -0.030626 0.999198 -0.392083 0.000000 0.000000 0.000000 1.000000
0.999207 -0.025376 0.030678 -11.853161 0.024377 0.999174 0.032515 114.973793 -0.031478 -0.031741 0.999000 -0.421996 0.000000 0.000000 0.000000 1.000000
0.999034 -0.025276 0.035941 -11.974704 0.024068 0.999144 0.033652 114.783127 -0.036760 -0.032754 0.998787 -0.451853 0.000000 0.000000 0.000000 1.000000
0.998843 -0.025410 0.040825 -12.091802 0.024006 0.999115 0.034540 114.630096 -0.041667 -0.033520 0.998569 -0.485210 0.000000 0.000000 0.000000 1.000000
0.998637 -0.025708 0.045429 -12.203840 0.024123 0.999092 0.035116 114.511391 -0.046291 -0.033973 0.998350 -0.524376 0.000000 0.000000 0.000000 1.000000
0.998417 -0.026141 0.049810 -12.309880 0.024391 0.999075 0.035417 114.413506 -0.050690 -0.034146 0.998131 -0.569380 0.000000 0.000000 0.000000 1.000000
0.998187 -0.026712 0.053945 -12.409716 0.024815 0.999060 0.035537 114.326096 -0.054844 -0.034134 0.997911 -0.618085 0.000000 0.000000 0.000000 1.000000
0.997955 -0.027407 0.057755 -12.503255 0.025378 0.999045 0.035572 114.245834 -0.058674 -0.034034 0.997697 -0.667163 0.000000 0.000000 0.000000 1.000000
0.997732 -0.028123 0.061157 -12.589984 0.025980 0.999030 0.035567 114.174210 -0.062098 -0.033898 0.997494 -0.713292 0.000000 0.000000 0.000000 1.000000
0.997529 -0.028672 0.064138 -12.668531 0.026431 0.999020 0.035508 114.113541 -0.065093 -0.033725 0.997309 -0.754172 0.000000 0.000000 0.000000 1.000000
0.997350 -0.028863 0.066789 -12.737291 0.026545 0.999023 0.035343 114.066322 -0.067743 -0.033476 0.997141 -0.788443 0.000000 0.000000 0.000000 1.000000
0.997186 -0.028644 0.069284 -12.795875 0.026263 0.999041 0.035030 114.036209 -0.070221 -0.033112 0.996982 -0.814613 0.000000 0.000000 0.000000 1.000000
0.997023 -0.028126 0.071791 -12.845709 0.025695 0.999072 0.034569 114.028549 -0.072696 -0.032622 0.996820 -0.830073 0.000000 0.000000 0.000000 1.000000
