<?xml version="1.0" encoding="utf-8"?>
<COLLADA xmlns="http://www.collada.org/2005/11/COLLADASchema" version="1.4.1">
  <asset>
    <contributor>
      <author>Mixamo</author>
      <authoring_tool>COLLADA Mixamo exporter</authoring_tool>
      <comments/>
    </contributor>
    <created>2024-04-15T06:18:04Z</created>
    <modified>2024-04-15T06:18:04Z</modified>
    <revision/>
    <title/>
    <unit meter="0.010000"/>
    <up_axis>Y_UP</up_axis>
  </asset>
  <library_animations>
    <animation id="mixamorig_Hips-anim" name="mixamorig_Hips">
      <source id="mixamorig_Hips-Matrix-animation-input">
        <float_array id="mixamorig_Hips-Matrix-animation-input-array" count="36">

0.000000 0.033333 0.066667 0.100000 0.133333 0.166667 0.200000 0.233333 0.266667 0.300000 0.333333 0.366667 0.400000 0.433333 0.466667 0.500000
0.533333 0.566667 0.600000 0.633333 0.666667 0.700000 0.733333 0.766667 0.800000 0.833333 0.866667 0.900000 0.933333 0.966667 1.000000 1.033333
1.066667 1.100000 1.133333 1.166667</float_array>
        <technique_common>
          <accessor source="#mixamorig_Hips-Matrix-animation-input-array" count="36">
            <param name="TIME" type="float"/>
          </accessor>
        </technique_common>
      </source>
      <source id="mixamorig_Hips-Matrix-animation-output-transform">
        <float_array id="mixamorig_Hips-Matrix-animation-output-transform-array" count="576">

0.997097 0.047014 0.059900 0.343383 -0.050529 0.997003 0.058586 114.978607 -0.056966 -0.061442 0.996484 0.927704 0.000000 0.000000 0.000000 1.000000
0.999168 0.020673 0.035158 0.228377 -0.022177 0.998831 0.042946 115.715378 -0.034230 -0.043690 0.998459 1.373772 0.000000 0.000000 0.000000 1.000000
0.999909 -0.005975 0.012125 0.219918 0.005621 0.999563 0.029026 116.292633 -0.012293 -0.028955 0.999505 1.344486 0.000000 0.000000 0.000000 1.000000
0.999659 -0.026088 0.001465 0.277358 0.026056 0.999485 0.018739 116.953812 -0.001954 -0.018694 0.999823 1.401704 0.000000 0.000000 0.000000 1.000000
0.999134 -0.041581 -0.001663 0.390837 0.041595 0.999087 0.009783 114.696960 0.001255 -0.009844 0.999951 1.301165 0.000000 0.000000 0.000000 1.000000
0.999126 -0.040853 -0.008900 0.612075 0.040897 0.999152 0.004798 113.591759 0.008696 -0.005158 0.999949 1.672251 0.000000 0.000000 0.000000 1.000000
0.998846 -0.037535 -0.029948 0.945396 0.037707 0.999275 0.005180 112.781166 0.029732 -0.006303 0.999538 2.220746 0.000000 0.000000 0.000000 1.000000
0.997621 -0.041505 -0.055036 1.387588 0.041893 0.999105 0.005914 112.236786 0.054741 -0.008205 0.998467 2.399117 0.000000 0.000000 0.000000 1.000000
0.995645 -0.056309 -0.074296 2.005755 0.057150 0.998323 0.009237 112.054420 0.073652 -0.013443 0.997193 3.209109 0.000000 0.000000 0.000000 1.000000
0.993309 -0.073346 -0.089207 2.686511 0.075287 0.996989 0.018585 112.529625 0.087575 -0.025177 0.995840 5.066649 0.000000 0.000000 0.000000 1.000000
0.991679 -0.087953 -0.094003 3.151730 0.090380 0.995667 0.021865 111.295265 0.091672 -0.030179 0.995332 5.859535 0.000000 0.000000 0.000000 1.000000
0.992758 -0.095079 -0.073432 3.494454 0.096982 0.995025 0.022788 109.987984 0.070900 -0.029744 0.997040 6.056054 0.000000 0.000000 0.000000 1.000000
0.993675 -0.105551 -0.038319 3.809718 0.106754 0.993807 0.030833 109.582901 0.034827 -0.034729 0.998790 5.552157 0.000000 0.000000 0.000000 1.000000
0.994572 -0.103908 -0.005517 4.075896 0.104045 0.993791 0.039415 109.995743 0.001387 -0.039775 0.999208 5.342255 0.000000 0.000000 0.000000 1.000000
0.995210 -0.095720 0.019870 4.229304 0.094744 0.994471 0.045292 111.130646 -0.024095 -0.043193 0.998776 5.444155 0.000000 0.000000 0.000000 1.000000
0.994925 -0.091770 0.041254 4.327132 0.089807 0.994843 0.047142 112.590279 -0.045367 -0.043197 0.998036 5.670165 0.000000 0.000000 0.000000 1.000000
0.994062 -0.089916 0.061282 4.426777 0.087404 0.995265 0.042524 113.986420 -0.064815 -0.036915 0.997214 5.821759 0.000000 0.000000 0.000000 1.000000
0.993240 -0.083222 0.080921 4.492182 0.080413 0.996061 0.037377 114.873764 -0.083712 -0.030617 0.996019 5.882477 0.000000 0.000000 0.000000 1.000000
0.992061 -0.075120 0.100853 4.473214 0.072364 0.996905 0.030721 115.451935 -0.102849 -0.023179 0.994427 5.618172 0.000000 0.000000 0.000000 1.000000
0.990437 -0.066462 0.120902 4.454740 0.064379 0.997703 0.021052 115.918983 -0.122023 -0.013067 0.992441 4.891059 0.000000 0.000000 0.000000 1.000000
0.988926 -0.057008 0.137023 4.469999 0.056721 0.998372 0.006005 116.128830 -0.137142 0.001834 0.990550 3.662631 0.000000 0.000000 0.000000 1.000000
0.988061 -0.055144 0.143855 4.409933 0.056926 0.998344 -0.008298 115.538727 -0.143159 0.016388 0.989564 2.431270 0.000000 0.000000 0.000000 1.000000
0.987655 -0.057626 0.145661 4.231216 0.060432 0.998061 -0.014910 114.795990 -0.144520 0.023529 0.989222 1.647134 0.000000 0.000000 0.000000 1.000000
0.986515 -0.062400 0.151308 3.870921 0.065435 0.997742 -0.015154 113.546524 -0.150021 0.024850 0.988370 1.099672 0.000000 0.000000 0.000000 1.000000
0.986017 -0.058363 0.156090 3.329078 0.061317 0.998018 -0.014171 112.480438 -0.154953 0.023544 0.987641 1.006624 0.000000 0.000000 0.000000 1.000000
0.985964 -0.043120 0.161295 2.796200 0.044893 0.998965 -0.007361 111.721825 -0.160810 0.014499 0.986879 1.407254 0.000000 0.000000 0.000000 1.000000
0.982997 -0.033308 0.180578 2.306292 0.032433 0.999444 0.007798 111.525635 -0.180737 -0.001809 0.983530 2.424115 0.000000 0.000000 0.000000 1.000000
0.977933 -0.013638 0.208473 1.607450 0.009879 0.999769 0.019062 111.006584 -0.208685 -0.016582 0.977842 3.076199 0.000000 0.000000 0.000000 1.000000
0.976078 0.014710 0.216920 0.934044 -0.020243 0.999523 0.023305 109.836555 -0.216474 -0.027139 0.975911 3.187414 0.000000 0.000000 0.000000 1.000000
0.980405 0.038303 0.193235 0.548775 -0.045556 0.998409 0.033231 109.144623 -0.191655 -0.041383 0.980590 2.847585 0.000000 0.000000 0.000000 1.000000
0.985027 0.050007 0.164986 0.306670 -0.058281 0.997254 0.045696 109.376289 -0.162248 -0.054627 0.985237 2.337939 0.000000 0.000000 0.000000 1.000000
0.988019 0.052740 0.145041 0.144148 -0.061252 0.996614 0.054856 110.080078 -0.141657 -0.063083 0.987904 1.888472 0.000000 0.000000 0.000000 1.000000
0.990573 0.053036 0.126301 0.074268 -0.061392 0.996110 0.063208 111.226143 -0.122457 -0.070366 0.989976 1.731709 0.000000 0.000000 0.000000 1.000000
0.992919 0.054654 0.105476 0.096543 -0.061769 0.995945 0.065410 112.549232 -0.101473 -0.071462 0.992268 1.583087 0.000000 0.000000 0.000000 1.000000
0.994988 0.056391 0.082572 0.225914 -0.061714 0.996078 0.063397 114.010902 -0.078673 -0.068175 0.994567 1.329893 0.000000 0.000000 0.000000 1.000000
0.997097 0.047014 0.059900 0.343382 -0.050529 0.997003 0.058586 114.978615 -0.056966 -0.061442 0.996484 0.927704 0.000000 0.000000 0.000000 1.000000</float_array>
        <technique_common>
          <accessor source="#mixamorig_Hips-Matrix-animation-output-transform-array" count="36" stride="16">
            <param type="float4x4"/>
          </accessor>
        </technique_common>
      </source>
      <source id="mixamorig_Hips-Interpolations">
        <Name_array id="mixamorig_Hips-Interpolations-array" count="36">
 LINEAR LINEAR LINEAR LINEAR LINEAR LINEAR LINEAR LINEAR LINEAR LINEAR LINEAR
LINEAR LINEAR LINEAR LINEAR LINEAR LINEAR LINEAR LINEAR LINEAR LINEAR LINEAR LINEAR
LINEAR LINEAR LINEAR LINEAR LINEAR LINEAR LINEAR LINEAR LINEAR LINEAR LINEAR LINEAR
LINEAR</Name_array>
        <technique_common>
          <accessor source="#mixamorig_Hips-Interpolations-array" count="36">
            <param type="name"/>
          </accessor>
        </technique_common>
      </source>
      <sampler id="mixamorig_Hips-Matrix-animation-transform">
        <input semantic="INPUT" source="#mixamorig_Hips-Matrix-animation-input"/>
        <input semantic="OUTPUT" source="#mixamorig_Hips-Matrix-animation-output-transform"/>
        <input semantic="INTERPOLATION" source="#mixamorig_Hips-Interpolations"/>
      </sampler>
      <channel source="#mixamorig_Hips-Matrix-animation-transform" target="mixamorig_Hips/matrix"/>
    </animation>
    <animation id="mixamorig_Spine-anim" name="mixamorig_Spine">
      <source id="mixamorig_Spine-Matrix-animation-input">
        <float_array id="mixamorig_Spine-Matrix-animation-input-array" count="36">

0.000000 0.033333 0.066667 0.100000 0.133333 0.166667 0.200000 0.233333 0.266667 0.300000 0.333333 0.366667 0.400000 0.433333 0.466667 0.500000
0.533333 0.566667 0.600000 0.633333 0.666667 0.700000 0.733333 0.766667 0.800000 0.833333 0.866667 0.900000 0.933333 0.966667 1.000000 1.033333
1.066667 1.100000 1.133333 1.166667</float_array>
        <technique_common>
          <accessor source="#mixamorig_Spine-Matrix-animation-input-array" count="36">
            <param name="TIME" type="float"/>
          </accessor>
        </technique_common>
      </source>
      <source id="mixamorig_Spine-Matrix-animation-output-transform">
        <float_array id="mixamorig_Spine-Matrix-animation-output-transform-array" count="576">

0.997615 -0.069011 0.001216 0.072000 0.069018 0.997591 -0.007043 7.257300 -0.000727 0.007110 0.999974 -0.789700 0.000000 0.000000 0.000000 1.000000
0.998812 -0.040279 0.027426 0.072000 0.040264 0.999188 0.001110 7.257300 -0.027448 -0.000005 0.999623 -0.789700 0.000000 0.000000 0.000000 1.000000
0.998751 -0.012282 0.048431 0.072000 0.012047 0.999914 0.005148 7.257300 -0.048490 -0.004558 0.998813 -0.789700 0.000000 0.000000 0.000000 1.000000
0.998153 0.008931 0.060084 0.072000 -0.009355 0.999933 0.006776 7.257300 -0.060019 -0.007326 0.998170 -0.789700 0.000000 0.000000 0.000000 1.000000
0.997378 0.027633 0.066879 0.072000 -0.029310 0.999277 0.024230 7.257300 -0.066161 -0.026127 0.997467 -0.789700 0.000000 0.000000 0.000000 1.000000
0.996369 0.030325 0.079560 0.072000 -0.033394 0.998737 0.037530 7.257300 -0.078321 -0.040051 0.996123 -0.789700 0.000000 0.000000 0.000000 1.000000
0.994545 0.030348 0.099796 0.072000 -0.033896 0.998845 0.034057 7.257300 -0.098647 -0.037254 0.994425 -0.789700 0.000000 0.000000 0.000000 1.000000
0.992075 0.037339 0.119968 0.072000 -0.041056 0.998746 0.028658 7.257300 -0.118748 -0.033356 0.992364 -0.789700 0.000000 0.000000 0.000000 1.000000
0.989145 0.053306 0.136935 0.072000 -0.056757 0.998158 0.021422 7.257300 -0.135541 -0.028961 0.990348 -0.789700 0.000000 0.000000 0.000000 1.000000
0.986465 0.070666 0.147960 0.072000 -0.072142 0.997384 0.004623 7.257300 -0.147246 -0.015235 0.988983 -0.789700 0.000000 0.000000 0.000000 1.000000
0.985026 0.084673 0.150179 0.072000 -0.085300 0.996353 -0.002274 7.257300 -0.149824 -0.010571 0.988656 -0.789700 0.000000 0.000000 0.000000 1.000000
0.986890 0.088950 0.134669 0.072000 -0.088835 0.996023 -0.006874 7.257300 -0.134745 -0.005179 0.990867 -0.789700 0.000000 0.000000 0.000000 1.000000
0.989984 0.093255 0.105993 0.072000 -0.092394 0.995637 -0.013017 7.257300 -0.106745 0.003093 0.994282 -0.789700 0.000000 0.000000 0.000000 1.000000
0.993595 0.085117 0.074320 0.072000 -0.084267 0.996338 -0.014506 7.257300 -0.075283 0.008151 0.997129 -0.789700 0.000000 0.000000 0.000000 1.000000
0.996281 0.073442 0.045069 0.072000 -0.072901 0.997247 -0.013538 7.257300 -0.045940 0.010202 0.998892 -0.789700 0.000000 0.000000 0.000000 1.000000
0.997542 0.067887 0.017338 0.072000 -0.067684 0.997635 -0.012008 7.257300 -0.018113 0.010805 0.999778 -0.789700 0.000000 0.000000 0.000000 1.000000
0.997896 0.064163 -0.009275 0.072000 -0.064245 0.997894 -0.008902 7.257300 0.008684 0.009479 0.999917 -0.789700 0.000000 0.000000 0.000000 1.000000
0.997939 0.056367 -0.030664 0.072000 -0.056619 0.998368 -0.007405 7.257300 0.030196 0.009126 0.999502 -0.789700 0.000000 0.000000 0.000000 1.000000
0.997602 0.048306 -0.049562 0.072000 -0.048660 0.998797 -0.005979 7.257300 0.049214 0.008376 0.998753 -0.789700 0.000000 0.000000 0.000000 1.000000
0.996922 0.038627 -0.068219 0.072000 -0.038916 0.999238 -0.002921 7.257300 0.068054 0.005567 0.997666 -0.789700 0.000000 0.000000 0.000000 1.000000
0.996352 0.027213 -0.080884 0.072000 -0.026897 0.999626 0.004984 7.257300 0.080990 -0.002790 0.996711 -0.789700 0.000000 0.000000 0.000000 1.000000
0.996048 0.024067 -0.085492 0.072000 -0.022775 0.999612 0.016062 7.257300 0.085845 -0.014052 0.996209 -0.789700 0.000000 0.000000 0.000000 1.000000
0.995625 0.025694 -0.089835 0.072000 -0.023527 0.999408 0.025095 7.257300 0.090426 -0.022872 0.995640 -0.789700 0.000000 0.000000 0.000000 1.000000
0.994507 0.028786 -0.100638 0.072000 -0.026677 0.999397 0.022234 7.257300 0.101217 -0.019427 0.994675 -0.789700 0.000000 0.000000 0.000000 1.000000
0.992911 0.026189 -0.115941 0.072000 -0.023754 0.999468 0.022341 7.257300 0.116464 -0.019429 0.993005 -0.789700 0.000000 0.000000 0.000000 1.000000
0.990775 0.011189 -0.135055 0.072000 -0.008246 0.999717 0.022333 7.257300 0.135266 -0.021014 0.990586 -0.789700 0.000000 0.000000 0.000000 1.000000
0.987261 -0.000601 -0.159108 0.072000 0.003558 0.999826 0.018303 7.257300 0.159070 -0.018636 0.987091 -0.789700 0.000000 0.000000 0.000000 1.000000
0.983817 -0.015947 -0.178463 0.072000 0.019620 0.999630 0.018832 7.257300 0.178096 -0.022028 0.983766 -0.789700 0.000000 0.000000 0.000000 1.000000
0.982783 -0.037669 -0.180881 0.072000 0.041715 0.998956 0.018617 7.257300 0.179991 -0.025842 0.983329 -0.789700 0.000000 0.000000 0.000000 1.000000
0.985116 -0.060132 -0.161027 0.072000 0.062458 0.998003 0.009418 7.257300 0.160140 -0.019335 0.986905 -0.789700 0.000000 0.000000 0.000000 1.000000
0.988085 -0.071157 -0.136470 0.072000 0.071903 0.997411 0.000540 7.257300 0.136078 -0.010346 0.990644 -0.789700 0.000000 0.000000 0.000000 1.000000
0.990846 -0.072800 -0.113686 0.072000 0.072593 0.997344 -0.005959 7.257300 0.113818 -0.002348 0.993499 -0.789700 0.000000 0.000000 0.000000 1.000000
0.993602 -0.073134 -0.086058 0.072000 0.072459 0.997311 -0.010946 7.257300 0.086628 0.004640 0.996230 -0.789700 0.000000 0.000000 0.000000 1.000000
0.995651 -0.075463 -0.054622 0.072000 0.074940 0.997121 -0.011565 7.257300 0.055337 0.007422 0.998440 -0.789700 0.000000 0.000000 0.000000 1.000000
0.996596 -0.078298 -0.025797 0.072000 0.078056 0.996896 -0.010273 7.257300 0.026521 0.008224 0.999614 -0.789700 0.000000 0.000000 0.000000 1.000000
0.997615 -0.069010 0.001216 0.072000 0.069017 0.997591 -0.007043 7.257300 -0.000727 0.007110 0.999974 -0.789700 0.000000 0.000000 0.000000 1.000000</float_array>
        <technique_common>
          <accessor source="#mixamorig_Spine-Matrix-animation-output-transform-array" count="36" stride="16">
            <param type="float4x4"/>
          </accessor>
        </technique_common>
      </source>
      <source id="mixamorig_Spine-Interpolations">
        <Name_array id="mixamorig_Spine-Interpolations-array" count="36">
 LINEAR LINEAR LINEAR LINEAR LINEAR LINEAR LINEAR LINEAR LINEAR LINEAR LINEAR
LINEAR LINEAR LINEAR LINEAR LINEAR LINEAR LINEAR LINEAR LINEAR LINEAR LINEAR LINEAR
LINEAR LINEAR LINEAR LINEAR LINEAR LINEAR LINEAR LINEAR LINEAR LINEAR LINEAR LINEAR
LINEAR</Name_array>
        <technique_common>
          <accessor source="#mixamorig_Spine-Interpolations-array" count="36">
            <param type="name"/>
          </accessor>
        </technique_common>
      </source>
      <sampler id="mixamorig_Spine-Matrix-animation-transform">
        <input semantic="INPUT" source="#mixamorig_Spine-Matrix-animation-input"/>
        <input semantic="OUTPUT" source="#mixamorig_Spine-Matrix-animation-output-transform"/>
        <input semantic="INTERPOLATION" source="#mixamorig_Spine-Interpolations"/>
      </sampler>
      <channel source="#mixamorig_Spine-Matrix-animation-transform" target="mixamorig_Spine/matrix"/>
    </animation>
    <animation id="mixamorig_Spine1-anim" name="mixamorig_Spine1">
      <source id="mixamorig_Spine1-Matrix-animation-input">
        <float_array id="mixamorig_Spine1-Matrix-animation-input-array" count="36">

0.000000 0.033333 0.066667 0.100000 0.133333 0.166667 0.200000 0.233333 0.266667 0.300000 0.333333 0.366667 0.400000 0.433333 0.466667 0.500000
0.533333 0.566667 0.600000 0.633333 0.666667 0.700000 0.733333 0.766667 0.800000 0.833333 0.866667 0.900000 0.933333 0.966667 1.000000 1.033333
1.066667 1.100000 1.133333 1.166667</float_array>
        <technique_common>
          <accessor source="#mixamorig_Spine1-Matrix-animation-input-array" count="36">
            <param name="TIME" type="float"/>
          </accessor>
        </technique_common>
      </source>
      <source id="mixamorig_Spine1-Matrix-animation-output-transform">
        <float_array id="mixamorig_Spine1-Matrix-animation-output-transform-array" count="576">

0.999990 -0.004200 0.001282 0.000000 0.004214 0.999927 -0.011333 8.558700 -0.001235 0.011338 0.999935 0.000000 0.000000 0.000000 0.000000 1.000000
0.999969 -0.002170 0.007529 0.000000 0.002253 0.999938 -0.010935 8.558700 -0.007505 0.010951 0.999912 0.000000 0.000000 0.000000 0.000000 1.000000
0.999918 -0.000877 0.012774 0.000000 0.001015 0.999941 -0.010802 8.558700 -0.012764 0.010814 0.999860 0.000000 0.000000 0.000000 0.000000 1.000000
0.999870 -0.000923 0.016107 0.000000 0.001098 0.999940 -0.010898 8.558700 -0.016096 0.010915 0.999811 0.000000 0.000000 0.000000 0.000000 1.000000
0.999841 -0.002124 0.017724 0.000000 0.002436 0.999842 -0.017596 8.558700 -0.017684 0.017636 0.999688 0.000000 0.000000 0.000000 0.000000 1.000000
0.999776 -0.002420 0.021034 0.000000 0.002876 0.999761 -0.021678 8.558700 -0.020977 0.021734 0.999544 0.000000 0.000000 0.000000 0.000000 1.000000
0.999648 -0.001733 0.026492 0.000000 0.002263 0.999798 -0.019991 8.558700 -0.026452 0.020044 0.999449 0.000000 0.000000 0.000000 0.000000 1.000000
0.999485 -0.001093 0.032064 0.000000 0.001649 0.999849 -0.017325 8.558700 -0.032040 0.017369 0.999336 -0.000000 0.000000 0.000000 0.000000 1.000000
0.999314 0.001212 0.037022 -0.000000 -0.000732 0.999915 -0.012981 8.558700 -0.037035 0.012945 0.999230 0.000000 0.000000 0.000000 0.000000 1.000000
0.999155 0.005122 0.040775 0.000000 -0.004833 0.999962 -0.007195 8.558700 -0.040810 0.006991 0.999142 0.000000 0.000000 0.000000 0.000000 1.000000
0.999124 0.007334 0.041192 0.000000 -0.007125 0.999961 -0.005215 8.558700 -0.041229 0.004917 0.999138 0.000000 0.000000 0.000000 0.000000 1.000000
0.999310 0.008311 0.036193 0.000000 -0.008158 0.999957 -0.004389 8.558700 -0.036228 0.004091 0.999335 0.000000 0.000000 0.000000 0.000000 1.000000
0.999599 0.008032 0.027150 -0.000000 -0.007894 0.999955 -0.005176 8.558700 -0.027190 0.004960 0.999618 0.000000 0.000000 0.000000 0.000000 1.000000
0.999830 0.005625 0.017584 0.000000 -0.005515 0.999965 -0.006258 8.558700 -0.017618 0.006160 0.999826 0.000000 0.000000 0.000000 0.000000 1.000000
0.999954 0.002558 0.009259 -0.000000 -0.002493 0.999972 -0.007057 8.558700 -0.009277 0.007034 0.999932 0.000000 0.000000 0.000000 0.000000 1.000000
0.999998 0.000903 0.001959 0.000000 -0.000889 0.999972 -0.007428 8.558700 -0.001965 0.007427 0.999970 0.000000 0.000000 0.000000 0.000000 1.000000
0.999989 0.000748 -0.004533 0.000000 -0.000780 0.999974 -0.007131 8.558700 0.004527 0.007134 0.999964 0.000000 0.000000 0.000000 0.000000 1.000000
0.999956 0.000410 -0.009394 0.000000 -0.000479 0.999973 -0.007313 8.558700 0.009390 0.007318 0.999929 0.000000 0.000000 0.000000 0.000000 1.000000
0.999908 0.000626 -0.013587 0.000000 -0.000732 0.999969 -0.007846 8.558700 0.013581 0.007856 0.999877 -0.000000 0.000000 0.000000 0.000000 1.000000
0.999837 0.001888 -0.017982 0.000000 -0.002035 0.999965 -0.008168 8.558700 0.017966 0.008203 0.999805 0.000000 0.000000 0.000000 0.000000 1.000000
0.999769 0.002995 -0.021298 0.000000 -0.003149 0.999969 -0.007200 8.558700 0.021275 0.007265 0.999747 -0.000000 0.000000 0.000000 0.000000 1.000000
0.999739 0.003577 -0.022577 -0.000000 -0.003756 0.999962 -0.007856 8.558700 0.022548 0.007938 0.999714 0.000000 0.000000 0.000000 0.000000 1.000000
0.999710 0.003960 -0.023744 0.000000 -0.004224 0.999929 -0.011098 8.558700 0.023699 0.011195 0.999656 0.000000 0.000000 0.000000 0.000000 1.000000
0.999642 0.004167 -0.026443 -0.000000 -0.004453 0.999932 -0.010770 8.558700 0.026396 0.010884 0.999592 0.000000 0.000000 0.000000 0.000000 1.000000
0.999527 0.003649 -0.030535 0.000000 -0.003990 0.999930 -0.011113 8.558700 0.030492 0.011229 0.999472 0.000000 0.000000 0.000000 0.000000 1.000000
0.999353 0.001888 -0.035911 -0.000000 -0.002245 0.999949 -0.009891 8.558700 0.035890 0.009965 0.999306 -0.000000 0.000000 0.000000 0.000000 1.000000
0.999088 -0.000045 -0.042699 0.000000 -0.000210 0.999982 -0.005970 8.558700 0.042699 0.005973 0.999070 0.000000 0.000000 0.000000 0.000000 1.000000
0.998855 -0.001173 -0.047819 0.000000 0.001072 0.999997 -0.002137 8.558700 0.047821 0.002083 0.998854 0.000000 0.000000 0.000000 0.000000 1.000000
0.998853 -0.003336 -0.047756 0.000000 0.003301 0.999994 -0.000818 8.558700 0.047759 0.000659 0.998859 0.000000 0.000000 0.000000 0.000000 1.000000
0.999113 -0.007018 -0.041530 0.000000 0.006914 0.999973 -0.002640 8.558700 0.041547 0.002350 0.999134 0.000000 0.000000 0.000000 0.000000 1.000000
0.999384 -0.008497 -0.034056 0.000000 0.008332 0.999953 -0.004986 8.558700 0.034097 0.004699 0.999407 -0.000000 0.000000 0.000000 0.000000 1.000000
0.999597 -0.007284 -0.027441 0.000000 0.007090 0.999949 -0.007151 8.558700 0.027492 0.006953 0.999598 0.000000 0.000000 0.000000 0.000000 1.000000
0.999783 -0.005657 -0.020027 0.000000 0.005474 0.999943 -0.009159 8.558700 0.020078 0.009048 0.999757 0.000000 0.000000 0.000000 0.000000 1.000000
0.999916 -0.004788 -0.012007 0.000000 0.004670 0.999940 -0.009900 8.558700 0.012054 0.009843 0.999879 0.000000 0.000000 0.000000 0.000000 1.000000
0.999977 -0.004576 -0.005002 0.000000 0.004523 0.999934 -0.010597 8.558700 0.005050 0.010574 0.999931 0.000000 0.000000 0.000000 0.000000 1.000000
0.999990 -0.004200 0.001282 0.000000 0.004214 0.999927 -0.011333 8.558700 -0.001235 0.011338 0.999935 0.000000 0.000000 0.000000 0.000000 1.000000</float_array>
        <technique_common>
          <accessor source="#mixamorig_Spine1-Matrix-animation-output-transform-array" count="36" stride="16">
            <param type="float4x4"/>
          </accessor>
        </technique_common>
      </source>
      <source id="mixamorig_Spine1-Interpolations">
        <Name_array id="mixamorig_Spine1-Interpolations-array" count="36">
 LINEAR LINEAR LINEAR LINEAR LINEAR LINEAR LINEAR LINEAR LINEAR LINEAR LINEAR
LINEAR LINEAR LINEAR LINEAR LINEAR LINEAR LINEAR LINEAR LINEAR LINEAR LINEAR LINEAR
LINEAR LINEAR LINEAR LINEAR LINEAR LINEAR LINEAR LINEAR LINEAR LINEAR LINEAR LINEAR
LINEAR</Name_array>
        <technique_common>
          <accessor source="#mixamorig_Spine1-Interpolations-array" count="36">
            <param type="name"/>
          </accessor>
        </technique_common>
      </source>
      <sampler id="mixamorig_Spine1-Matrix-animation-transform">
        <input semantic="INPUT" source="#mixamorig_Spine1-Matrix-animation-input"/>
        <input semantic="OUTPUT" source="#mixamorig_Spine1-Matrix-animation-output-transform"/>
        <input semantic="INTERPOLATION" source="#mixamorig_Spine1-Interpolations"/>
      </sampler>
      <channel source="#mixamorig_Spine1-Matrix-animation-transform" target="mixamorig_Spine1/matrix"/>
    </animation>
    <animation id="mixamorig_Spine2-anim" name="mixamorig_Spine2">
      <source id="mixamorig_Spine2-Matrix-animation-input">
        <float_array id="mixamorig_Spine2-Matrix-animation-input-array" count="36">

0.000000 0.033333 0.066667 0.100000 0.133333 0.166667 0.200000 0.233333 0.266667 0.300000 0.333333 0.366667 0.400000 0.433333 0.466667 0.500000
0.533333 0.566667 0.600000 0.633333 0.666667 0.700000 0.733333 0.766667 0.800000 0.833333 0.866667 0.900000 0.933333 0.966667 1.000000 1.033333
1.066667 1.100000 1.133333 1.166667</float_array>
        <technique_common>
          <accessor source="#mixamorig_Spine2-Matrix-animation-input-array" count="36">
            <param name="TIME" type="float"/>
          </accessor>
        </technique_common>
      </source>
      <source id="mixamorig_Spine2-Matrix-animation-output-transform">
        <float_array id="mixamorig_Spine2-Matrix-animation-output-transform-array" count="576">

0.999990 -0.004064 0.001598 0.000000 0.004211 0.994355 -0.106019 29.149500 -0.001158 0.106025 0.994363 1.721100 0.000000 0.000000 0.000000 1.000000
0.999970 -0.001412 0.007629 -0.000000 0.002210 0.994402 -0.105638 29.149500 -0.007437 0.105651 0.994375 1.721100 0.000000 0.000000 0.000000 1.000000
0.999919 0.000406 0.012728 -0.000000 0.000939 0.994418 -0.105512 29.149500 -0.012700 0.105516 0.994337 1.721100 0.000000 0.000000 0.000000 1.000000
0.999871 0.000699 0.016045 0.000000 0.001000 0.994406 -0.105617 29.149500 -0.016029 0.105620 0.994277 1.721100 0.000000 0.000000 0.000000 1.000000
0.999842 -0.000456 0.017793 0.000000 0.002451 0.993675 -0.112264 29.149500 -0.017629 0.112290 0.993519 1.721100 0.000000 0.000000 0.000000 1.000000
0.999777 -0.000530 0.021130 -0.000000 0.002985 0.993208 -0.116317 29.149500 -0.020925 0.116354 0.992987 1.721100 0.000000 0.000000 0.000000 1.000000
0.999649 0.000693 0.026497 0.000000 0.002350 0.993403 -0.114652 29.149500 -0.026402 0.114674 0.993052 1.721100 0.000000 0.000000 0.000000 1.000000
0.999487 0.001880 0.031977 0.000000 0.001714 0.993705 -0.112014 29.149500 -0.031986 0.112011 0.993192 1.721100 0.000000 0.000000 0.000000 1.000000
0.999315 0.004725 0.036696 0.000000 -0.000746 0.994186 -0.107678 29.149500 -0.036992 0.107577 0.993508 1.721100 0.000000 0.000000 0.000000 1.000000
0.999155 0.009099 0.040071 0.000000 -0.004974 0.994785 -0.101876 29.149500 -0.040789 0.101590 0.993990 1.721100 0.000000 0.000000 0.000000 1.000000
0.999122 0.011285 0.040338 -0.000000 -0.007208 0.994978 -0.099835 29.149500 -0.041262 0.099457 0.994186 1.721100 0.000000 0.000000 0.000000 1.000000
0.999307 0.011759 0.035308 0.000000 -0.008211 0.995055 -0.098986 29.149500 -0.036297 0.098627 0.994462 1.721100 0.000000 0.000000 0.000000 1.000000
0.999597 0.010633 0.026331 -0.000000 -0.007955 0.994977 -0.099791 29.149500 -0.027260 0.099542 0.994660 1.721100 0.000000 0.000000 0.000000 1.000000
0.999829 0.007324 0.017000 0.000000 -0.005571 0.994878 -0.100924 29.149500 -0.017652 0.100812 0.994749 1.721100 0.000000 0.000000 0.000000 1.000000
0.999954 0.003458 0.008967 0.000000 -0.002528 0.994806 -0.101756 29.149500 -0.009273 0.101729 0.994769 1.721100 0.000000 0.000000 0.000000 1.000000
0.999998 0.001090 0.001847 -0.000000 -0.000895 0.994770 -0.102133 29.149500 -0.001948 0.102131 0.994769 1.721100 0.000000 0.000000 0.000000 1.000000
0.999989 0.000294 -0.004585 0.000000 -0.000759 0.994801 -0.101838 29.149500 0.004531 0.101841 0.994790 1.721100 0.000000 0.000000 0.000000 1.000000
0.999956 -0.000526 -0.009387 0.000000 -0.000435 0.994782 -0.102022 29.149500 0.009392 0.102022 0.994738 1.721100 0.000000 0.000000 0.000000 1.000000
0.999908 -0.000735 -0.013576 0.000000 -0.000662 0.994727 -0.102559 29.149500 0.013580 0.102559 0.994634 1.721100 0.000000 0.000000 0.000000 1.000000
0.999837 0.000077 -0.018052 0.000000 -0.001935 0.994690 -0.102902 29.149500 0.017948 0.102920 0.994528 1.721100 0.000000 0.000000 0.000000 1.000000
0.999770 0.000856 -0.021450 0.000000 -0.003039 0.994783 -0.101964 29.149500 0.021251 0.102005 0.994557 1.721100 0.000000 0.000000 0.000000 1.000000
0.999740 0.001371 -0.022773 0.000000 -0.003702 0.994711 -0.102642 29.149500 0.022511 0.102700 0.994458 1.721100 0.000000 0.000000 0.000000 1.000000
0.999712 0.001735 -0.023952 0.000000 -0.004263 0.994368 -0.105897 29.149500 0.023634 0.105969 0.994089 1.721100 0.000000 0.000000 0.000000 1.000000
0.999643 0.001667 -0.026666 -0.000000 -0.004475 0.994401 -0.105577 29.149500 0.026341 0.105659 0.994053 1.721100 0.000000 0.000000 0.000000 1.000000
0.999528 0.000748 -0.030703 0.000000 -0.003998 0.994366 -0.105923 29.149500 0.030450 0.105996 0.993900 1.721100 0.000000 0.000000 0.000000 1.000000
0.999354 -0.001582 -0.035903 0.000000 -0.002187 0.994503 -0.104689 29.149500 0.035872 0.104700 0.993857 1.721100 0.000000 0.000000 0.000000 1.000000
0.999088 -0.004246 -0.042478 -0.000000 -0.000056 0.994910 -0.100765 29.149500 0.042689 0.100676 0.994003 1.721100 0.000000 0.000000 0.000000 1.000000
0.998855 -0.005819 -0.047477 0.000000 0.001191 0.995290 -0.096930 29.149500 0.047818 0.096763 0.994158 1.721100 0.000000 0.000000 0.000000 1.000000
0.998852 -0.007921 -0.047234 -0.000000 0.003376 0.995419 -0.095544 29.149500 0.047774 0.095275 0.994304 1.721100 0.000000 0.000000 0.000000 1.000000
0.999110 -0.011042 -0.040714 0.000000 0.007037 0.995236 -0.097240 29.149500 0.041594 0.096867 0.994428 1.721100 0.000000 0.000000 0.000000 1.000000
0.999380 -0.011847 -0.033147 0.000000 0.008493 0.994997 -0.099548 29.149500 0.034160 0.099205 0.994481 1.721100 0.000000 0.000000 0.000000 1.000000
0.999594 -0.010027 -0.026672 0.000000 0.007264 0.994784 -0.101744 29.149500 0.027553 0.101509 0.994453 1.721100 0.000000 0.000000 0.000000 1.000000
0.999781 -0.007689 -0.019441 -0.000000 0.005630 0.994584 -0.103787 29.149500 0.020134 0.103655 0.994410 1.721100 0.000000 0.000000 0.000000 1.000000
0.999915 -0.006012 -0.011546 0.000000 0.004772 0.994508 -0.104551 29.149500 0.012111 0.104487 0.994453 1.721100 0.000000 0.000000 0.000000 1.000000
0.999976 -0.005085 -0.004603 0.000000 0.004572 0.994434 -0.105265 29.149500 0.005113 0.105242 0.994434 1.721100 0.000000 0.000000 0.000000 1.000000
0.999990 -0.004064 0.001598 0.000000 0.004211 0.994355 -0.106019 29.149500 -0.001158 0.106025 0.994363 1.721100 0.000000 0.000000 0.000000 1.000000</float_array>
        <technique_common>
          <accessor source="#mixamorig_Spine2-Matrix-animation-output-transform-array" count="36" stride="16">
            <param type="float4x4"/>
          </accessor>
        </technique_common>
      </source>
      <source id="mixamorig_Spine2-Interpolations">
        <Name_array id="mixamorig_Spine2-Interpolations-array" count="36">
 LINEAR LINEAR LINEAR LINEAR LINEAR LINEAR LINEAR LINEAR LINEAR LINEAR LINEAR
LINEAR LINEAR LINEAR LINEAR LINEAR LINEAR LINEAR LINEAR LINEAR LINEAR LINEAR LINEAR
LINEAR LINEAR LINEAR LINEAR LINEAR LINEAR LINEAR LINEAR LINEAR LINEAR LINEAR LINEAR
LINEAR</Name_array>
        <technique_common>
          <accessor source="#mixamorig_Spine2-Interpolations-array" count="36">
            <param type="name"/>
          </accessor>
        </technique_common>
      </source>
      <sampler id="mixamorig_Spine2-Matrix-animation-transform">
        <input semantic="INPUT" source="#mixamorig_Spine2-Matrix-animation-input"/>
        <input semantic="OUTPUT" source="#mixamorig_Spine2-Matrix-animation-output-transform"/>
        <input semantic="INTERPOLATION" source="#mixamorig_Spine2-Interpolations"/>
      </sampler>
      <channel source="#mixamorig_Spine2-Matrix-animation-transform" target="mixamorig_Spine2/matrix"/>
    </animation>
    <animation id="mixamorig_Neck-anim" name="mixamorig_Neck">
      <source id="mixamorig_Neck-Matrix-animation-input">
        <float_array id="mixamorig_Neck-Matrix-animation-input-array" count="36">

0.000000 0.033333 0.066667 0.100000 0.133333 0.166667 0.200000 0.233333 0.266667 0.300000 0.333333 0.366667 0.400000 0.433333 0.466667 0.500000
0.533333 0.566667 0.600000 0.633333 0.666667 0.700000 0.733333 0.766667 0.800000 0.833333 0.866667 0.900000 0.933333 0.966667 1.000000 1.033333
1.066667 1.100000 1.133333 1.166667</float_array>
        <technique_common>
          <accessor source="#mixamorig_Neck-Matrix-animation-input-array" count="36">
            <param name="TIME" type="float"/>
          </accessor>
        </technique_common>
      </source>
      <source id="mixamorig_Neck-Matrix-animation-output-transform">
        <float_array id="mixamorig_Neck-Matrix-animation-output-transform-array" count="576">

0.999972 -0.001255 -0.007318 -0.000000 0.001381 0.999849 0.017315 13.857900 0.007295 -0.017325 0.999823 7.405300 0.000000 0.000000 0.000000 1.000000
0.999963 -0.000847 -0.008543 -0.000000 0.001000 0.999839 0.017925 13.857900 0.008526 -0.017933 0.999803 7.405300 0.000000 0.000000 0.000000 1.000000
0.999959 -0.000084 -0.009020 0.000000 0.000259 0.999812 0.019411 13.857900 0.009016 -0.019413 0.999771 7.405300 0.000000 0.000000 0.000000 1.000000
0.999952 0.000305 -0.009791 -0.000000 -0.000101 0.999782 0.020880 13.857900 0.009796 -0.020878 0.999734 7.405300 0.000000 0.000000 0.000000 1.000000
0.999941 -0.000810 -0.010815 0.000000 0.001051 0.999751 0.022301 13.857900 0.010794 -0.022311 0.999693 7.405300 0.000000 0.000000 0.000000 1.000000
0.999921 -0.002129 -0.012419 0.000000 0.002418 0.999725 0.023343 13.857900 0.012366 -0.023371 0.999650 7.405300 0.000000 0.000000 0.000000 1.000000
0.999895 -0.003405 -0.014115 0.000000 0.003759 0.999676 0.025169 13.857900 0.014025 -0.025220 0.999584 7.405300 0.000000 0.000000 0.000000 1.000000
0.999879 -0.003596 -0.015122 -0.000000 0.004007 0.999621 0.027243 13.857900 0.015019 -0.027301 0.999514 7.405300 0.000000 0.000000 0.000000 1.000000
0.999868 -0.003425 -0.015881 -0.000000 0.003871 0.999596 0.028148 13.857900 0.015778 -0.028206 0.999478 7.405300 0.000000 0.000000 0.000000 1.000000
0.999862 -0.003126 -0.016307 -0.000000 0.003588 0.999591 0.028378 13.857900 0.016212 -0.028432 0.999464 7.405300 0.000000 0.000000 0.000000 1.000000
0.999871 -0.001938 -0.015928 -0.000000 0.002404 0.999568 0.029276 13.857900 0.015865 -0.029310 0.999444 7.405300 0.000000 0.000000 0.000000 1.000000
0.999892 -0.000298 -0.014665 0.000000 0.000735 0.999555 0.029830 13.857900 0.014650 -0.029837 0.999447 7.405300 0.000000 0.000000 0.000000 1.000000
0.999922 0.001850 -0.012317 0.000000 -0.001501 0.999599 0.028275 13.857900 0.012364 -0.028255 0.999524 7.405300 0.000000 0.000000 0.000000 1.000000
0.999947 0.003916 -0.009545 -0.000000 -0.003674 0.999675 0.025225 13.857900 0.009641 -0.025188 0.999636 7.405300 0.000000 0.000000 0.000000 1.000000
0.999964 0.004460 -0.007263 0.000000 -0.004297 0.999744 0.022221 13.857900 0.007360 -0.022189 0.999727 7.405300 0.000000 0.000000 0.000000 1.000000
0.999977 0.004090 -0.005444 0.000000 -0.003979 0.999787 0.020232 13.857900 0.005526 -0.020210 0.999780 7.405300 0.000000 0.000000 0.000000 1.000000
0.999985 0.003724 -0.004032 0.000000 -0.003643 0.999797 0.019804 13.857900 0.004105 -0.019789 0.999796 7.405300 0.000000 0.000000 0.000000 1.000000
0.999987 0.004084 -0.003118 0.000000 -0.004020 0.999787 0.020251 13.857900 0.003200 -0.020238 0.999790 7.405300 0.000000 0.000000 0.000000 1.000000
0.999987 0.004492 -0.002235 -0.000000 -0.004443 0.999761 0.021414 13.857900 0.002331 -0.021404 0.999768 7.405300 0.000000 0.000000 0.000000 1.000000
0.999987 0.004942 -0.001176 0.000000 -0.004914 0.999731 0.022679 13.857900 0.001287 -0.022673 0.999742 7.405300 0.000000 0.000000 0.000000 1.000000
0.999982 0.006059 -0.000344 0.000000 -0.006049 0.999711 0.023285 13.857900 0.000485 -0.023283 0.999729 7.405300 0.000000 0.000000 0.000000 1.000000
0.999974 0.007169 -0.000021 0.000000 -0.007167 0.999674 0.024507 13.857900 0.000197 -0.024506 0.999700 7.405300 0.000000 0.000000 0.000000 1.000000
0.999971 0.007554 0.000502 0.000000 -0.007565 0.999627 0.026240 13.857900 -0.000304 -0.026243 0.999656 7.405300 0.000000 0.000000 0.000000 1.000000
0.999969 0.007600 0.001823 0.000000 -0.007648 0.999577 0.028076 13.857900 -0.001609 -0.028089 0.999604 7.405300 0.000000 0.000000 0.000000 1.000000
0.999976 0.006150 0.003160 -0.000000 -0.006241 0.999541 0.029636 13.857900 -0.002977 -0.029655 0.999556 7.405300 0.000000 0.000000 0.000000 1.000000
0.999975 0.005281 0.004672 0.000000 -0.005417 0.999546 0.029643 13.857900 -0.004514 -0.029667 0.999550 7.405300 0.000000 0.000000 0.000000 1.000000
0.999960 0.006034 0.006600 0.000000 -0.006219 0.999579 0.028352 13.857900 -0.006426 -0.028392 0.999576 7.405300 0.000000 0.000000 0.000000 1.000000
0.999961 0.005288 0.007099 0.000000 -0.005478 0.999620 0.027023 13.857900 -0.006953 -0.027061 0.999610 7.405300 0.000000 0.000000 0.000000 1.000000
0.999973 0.004044 0.006169 0.000000 -0.004212 0.999611 0.027565 13.857900 -0.006055 -0.027590 0.999601 7.405300 0.000000 0.000000 0.000000 1.000000
0.999980 0.004206 0.004654 0.000000 -0.004337 0.999587 0.028415 13.857900 -0.004533 -0.028435 0.999585 7.405300 0.000000 0.000000 0.000000 1.000000
0.999991 0.003134 0.002941 0.000000 -0.003213 0.999625 0.027207 13.857900 -0.002854 -0.027216 0.999625 7.405300 0.000000 0.000000 0.000000 1.000000
0.999998 0.001497 0.001163 0.000000 -0.001526 0.999676 0.025422 13.857900 -0.001125 -0.025423 0.999676 7.405300 0.000000 0.000000 0.000000 1.000000
0.999999 0.000729 -0.000974 0.000000 -0.000706 0.999735 0.023017 13.857900 0.000990 -0.023016 0.999735 7.405300 0.000000 0.000000 0.000000 1.000000
0.999993 0.000057 -0.003641 -0.000000 0.000015 0.999806 0.019676 13.857900 0.003641 -0.019676 0.999800 7.405300 0.000000 0.000000 0.000000 1.000000
0.999982 -0.000812 -0.005895 0.000000 0.000916 0.999844 0.017640 13.857900 0.005880 -0.017645 0.999827 7.405300 0.000000 0.000000 0.000000 1.000000
0.999972 -0.001256 -0.007318 0.000000 0.001382 0.999849 0.017315 13.857900 0.007295 -0.017325 0.999823 7.405300 0.000000 0.000000 0.000000 1.000000</float_array>
        <technique_common>
          <accessor source="#mixamorig_Neck-Matrix-animation-output-transform-array" count="36" stride="16">
            <param type="float4x4"/>
          </accessor>
        </technique_common>
      </source>
      <source id="mixamorig_Neck-Interpolations">
        <Name_array id="mixamorig_Neck-Interpolations-array" count="36">
 LINEAR LINEAR LINEAR LINEAR LINEAR LINEAR LINEAR LINEAR LINEAR LINEAR LINEAR
LINEAR LINEAR LINEAR LINEAR LINEAR LINEAR LINEAR LINEAR LINEAR LINEAR LINEAR LINEAR
LINEAR LINEAR LINEAR LINEAR LINEAR LINEAR LINEAR LINEAR LINEAR LINEAR LINEAR LINEAR
LINEAR</Name_array>
        <technique_common>
          <accessor source="#mixamorig_Neck-Interpolations-array" count="36">
            <param type="name"/>
          </accessor>
        </technique_common>
      </source>
      <sampler id="mixamorig_Neck-Matrix-animation-transform">
        <input semantic="INPUT" source="#mixamorig_Neck-Matrix-animation-input"/>
        <input semantic="OUTPUT" source="#mixamorig_Neck-Matrix-animation-output-transform"/>
        <input semantic="INTERPOLATION" source="#mixamorig_Neck-Interpolations"/>
      </sampler>
      <channel source="#mixamorig_Neck-Matrix-animation-transform" target="mixamorig_Neck/matrix"/>
    </animation>
    <animation id="mixamorig_Head-anim" name="mixamorig_Head">
      <source id="mixamorig_Head-Matrix-animation-input">
        <float_array id="mixamorig_Head-Matrix-animation-input-array" count="36">

0.000000 0.033333 0.066667 0.100000 0.133333 0.166667 0.200000 0.233333 0.266667 0.300000 0.333333 0.366667 0.400000 0.433333 0.466667 0.500000
0.533333 0.566667 0.600000 0.633333 0.666667 0.700000 0.733333 0.766667 0.800000 0.833333 0.866667 0.900000 0.933333 0.966667 1.000000 1.033333
1.066667 1.100000 1.133333 1.166667</float_array>
        <technique_common>
          <accessor source="#mixamorig_Head-Matrix-animation-input-array" count="36">
            <param name="TIME" type="float"/>
          </accessor>
        </technique_common>
      </source>
      <source id="mixamorig_Head-Matrix-animation-output-transform">
        <float_array id="mixamorig_Head-Matrix-animation-output-transform-array" count="576">

0.996739 0.040824 -0.069601 -0.000000 -0.037527 0.998140 0.048040 8.198500 0.071433 -0.045272 0.996417 5.703100 0.000000 0.000000 0.000000 1.000000
0.996195 0.043645 -0.075433 -0.000000 -0.039451 0.997638 0.056226 8.198500 0.077709 -0.053036 0.995564 5.703100 0.000000 0.000000 0.000000 1.000000
0.996093 0.047422 -0.074502 0.000000 -0.042546 0.996930 0.065724 8.198500 0.077390 -0.062298 0.995053 5.703100 0.000000 0.000000 0.000000 1.000000
0.995705 0.050595 -0.077536 0.000000 -0.044971 0.996344 0.072636 8.198500 0.080927 -0.068837 0.994340 5.703100 0.000000 0.000000 0.000000 1.000000
